face1Time	face2Time	face1Fraction	face2Fraction	Fusion	Quantity_face1	Quantity_face2	Initial_face	Subject	Trial	IsCorrupted
0.455379467	25.71961222	0.017397502	0.982602498	3.825333321	1	4	0	1	1	1
0.536344452	26.40461937	0.019908139	0.980091861	3.059043876	1	3	0	1	2	0
0	27.41228335	0	1	2.587705819	0	2	0	1	3	0
0	28.65964007	0	1	1.340285804	0	1	0	1	4	0
0	28.90845735	0	1	1.091520987	0	1	0	1	5	0
4.376077168	16.46822024	0.209941217	0.790058783	9.155541231	4	6	0	1	6	0
26.84177772	1.416001868	0.94988984	0.05011016	1.742187914	2	1	1	1	7	0
1.88820776	17.60033875	0.096888075	0.903111925	10.51141585	1	2	0	1	8	0
28.46580261	0	1	0	1.534181706	1	0	1	1	9	0
27.65278149	1.207924956	0.958146383	0.041853617	1.139265613	2	1	1	1	10	0
0	28.56989381	0	1	1.430121582	0	1	0	1	11	0
16.52020625	5.679991151	0.744146818	0.255853182	7.799719636	7	7	1	1	12	0
2.215622005	0.543694538	0.802960433	0.197039567	27.24064098	2	1	1	1	13	0
2.879783429	3.207413491	0.473088593	0.526911407	23.91270158	2	5	1	1	14	0
1.367529104	26.30617509	0.049416193	0.950583807	2.326254755	2	2	0	1	15	1
22.32769706	3.509907406	0.864155076	0.135844924	4.16228292	4	2	1	1	16	0
3.46410087	8.103304617	0.29947086	0.70052914	18.43252495	3	4	1	1	17	0
0.439917231	20.47118667	0.021037494	0.978962506	9.088751554	1	4	0	1	18	0
28.06384263	0.48795123	0.982909962	0.017090038	1.448151688	1	1	0	1	19	0
5.031734148	10.37656183	0.326560066	0.673439934	14.59160281	4	5	0	1	20	1
28.74990207	0	1	0	1.250091659	1	0	1	1	21	0
0	21.76330334	0	1	8.236613697	0	4	0	1	22	0
0.751834172	22.83925717	0.03186941	0.96813059	6.408795756	1	4	0	1	23	0
19.72799864	0	1	0	10.27186851	5	0	1	1	24	0
2.31939247	0	1	0	27.68047496	5	0	1	1	25	0
17.7549155	2.639720343	0.87056791	0.12943209	9.605340779	6	3	1	1	26	0
29.12366339	0	1	0	0.876314369	1	0	1	1	27	0
0	21.10357603	0	1	8.896393466	0	3	0	1	28	0
2.199528279	0.831940444	0.725565223	0.274434777	26.96849821	3	1	1	1	29	0
28.5604055	0	1	0	1.439683166	1	0	1	1	30	0
2.151929337	15.98053814	0.118678241	0.881321759	11.86752426	1	4	0	1	31	0
0.480069153	17.07867366	0.027340747	0.972659253	12.44117907	1	4	0	1	32	0
1.727170715	1.647677115	0.511777361	0.488222639	26.62504897	3	3	0	1	33	0
5.23190532	0	1	0	24.76807757	1	0	1	1	34	0
2.343764558	16.1353059	0.126833466	0.873166534	11.52075421	4	3	1	1	35	1
4.331364834	19.55227938	0.181352762	0.818647238	6.116285939	4	3	0	1	36	1
11.60055913	2.391509754	0.829081048	0.170918952	16.00779683	3	2	0	1	37	0
0.128118035	15.26300883	0.008324149	0.991675851	14.60880841	1	3	1	1	38	0
1.447638513	0	1	0	28.5523287	2	0	1	1	39	0
4.487700915	0	1	0	25.51228283	2	0	1	1	40	0
24.84637633	0	1	0	5.153536999	3	0	1	1	41	0
2.479293689	1.167452584	0.679864598	0.320135402	26.35308409	3	2	1	1	42	0
28.95264624	0	1	0	1.04732924	1	0	1	1	43	0
0	0	0	0	29.9999846	0	0	0	1	44	0
4.631672624	0	1	0	25.36826551	2	0	1	1	45	0
0	5.024806576	0	1	24.97520939	0	2	0	1	46	0
24.09722435	0	1	0	5.90274058	2	0	1	1	47	0
0	14.15160347	0	1	15.84836745	0	2	0	1	48	0
0	0	0	0	29.99998746	0	0	0	1	49	0
0	0	0	0	29.99996009	0	0	0	1	50	0
15.49179605	1.592336649	0.906794411	0.093205589	12.91584449	4	1	1	1	51	0
0.455878102	0	1	0	29.54398277	1	0	1	1	52	0
6.407422159	0	1	0	23.59256444	2	0	1	1	53	0
0	27.7703173	0	1	2.229635948	0	1	0	1	54	0
6.551185462	0	1	0	23.44872302	3	0	1	1	55	0
0	0	0	0	29.99999316	0	0	0	1	56	0
0.68782191	0.815480939	0.457540482	0.542459518	28.49666836	1	1	0	1	57	0
3.842898433	0	1	0	26.15690742	3	0	1	1	58	0
28.38445731	0	1	0	1.615492514	1	0	1	1	59	0
0.591917842	19.04890383	0.030137122	0.969862878	10.35916806	1	4	0	1	60	0
0	11.26340997	0	1	18.73647571	0	4	0	1	61	0
0	2.190843653	0	1	27.80907538	0	3	0	1	62	0
0	0	0	0	29.99992616	0	0	0	1	63	0
0	0	0	0	29.99996636	0	0	0	1	64	0
0	7.057407842	0	1	22.94293342	0	1	0	2	1	0
13.75147929	4.503968968	0.753280834	0.246719166	11.74446707	5	3	1	2	2	0
23.89536168	2.119763245	0.918518045	0.081481955	3.984886476	3	2	1	2	3	0
29.26265578	0	1	0	0.737281784	1	0	1	2	4	0
21.94836621	0	1	0	8.051459023	3	1	1	2	5	1
22.19715463	3.543414034	0.862341268	0.137658732	4.25938145	3	1	1	2	6	0
15.85594228	0	1	0	14.14394312	3	0	1	2	7	0
0	16.24696579	0	1	13.75298432	0	2	0	2	8	0
12.80373031	0	1	0	17.19616335	4	0	1	2	9	0
11.31971523	3.375608075	0.770293718	0.229706282	15.30467498	4	3	1	2	10	0
0	25.77662108	0	1	4.223287976	0	2	0	2	11	0
5.612039844	4.319677316	0.565062391	0.434937609	20.0681517	5	3	0	2	12	0
10.71069057	5.535497195	0.659274085	0.340725915	13.75366427	3	2	1	2	13	0
0.823908003	12.77126498	0.06060298	0.93939702	16.40476858	1	4	0	2	14	0
5.847565292	10.13290305	0.365919519	0.634080481	14.01946865	2	3	0	2	15	0
7.526956566	1.991861642	0.790744859	0.209255141	20.48119804	3	1	1	2	16	0
4.095675745	11.59727414	0.260988264	0.739011736	14.30706751	2	4	0	2	17	0
1.9999866	23.44049656	0.078614332	0.921385668	4.55954079	1	3	0	2	18	0
3.920308748	16.1001797	0.19581484	0.80418516	9.979389535	2	6	0	2	19	0
3.359926354	15.45433513	0.178584015	0.821415985	11.1857368	2	3	0	2	20	0
14.6870042	3.088235017	0.826261972	0.173738028	12.22455352	5	2	1	2	21	0
0	24.71521448	0	1	5.284710828	0	2	0	2	22	0
13.54270386	6.615499772	0.671820967	0.328179033	9.841681475	4	3	0	2	23	0
17.84576776	0.77582452	0.958337369	0.041662631	11.37829311	3	1	1	2	24	0
0	27.85220523	0	1	2.147704105	0	2	0	2	25	0
7.003930337	5.439773839	0.562849312	0.437150688	17.55629012	6	6	0	2	26	0
0	24.51876489	0	1	5.481245369	0	3	0	2	27	0
8.759971741	5.855075298	0.599380332	0.400619668	15.38495125	3	4	0	2	28	0
0	25.40448776	0	1	4.595497988	0	2	0	2	29	0
9.847435288	1.511949383	0.866898655	0.133101345	18.64061333	4	1	1	2	30	0
0	22.90318444	0	1	7.09682953	0	1	0	2	31	0
3.495930393	15.47529028	0.184275459	0.815724541	11.02870463	2	3	0	2	32	0
12.26361627	3.027857042	0.801990496	0.198009504	14.7084098	4	4	0	2	33	0
5.20784431	7.773408329	0.401181955	0.598818045	17.01869091	3	5	0	2	34	0
0	12.78845999	0	1	17.2115001	0	2	0	2	35	0
7.946056363	9.647798615	0.451638164	0.548361836	12.40609456	3	1	1	2	36	0
0	24.04241007	0	1	5.957532914	0	2	0	2	37	0
4.911958278	15.20098518	0.244218768	0.755781232	9.886965313	3	4	1	2	38	0
0.21601574	23.61547069	0.0090643	0.9909357	6.168433171	1	3	1	2	39	0
0.128077792	18.42929997	0.006901718	0.993098282	11.44257035	1	4	0	2	40	0
5.223185626	8.143596723	0.390758635	0.609241365	16.63306912	4	4	0	2	41	0
3.160389179	15.3831999	0.170430285	0.829569715	11.45636245	2	5	0	2	42	0
17.4925004	5.359491867	0.765469382	0.234530618	7.147942161	6	5	0	2	43	0
4.295912546	18.06985714	0.192075328	0.807924672	7.634067808	2	5	0	2	44	0
2.056191621	22.69129005	0.083086903	0.916913097	5.252454465	1	3	0	2	45	0
15.23073726	1.863524982	0.890985352	0.109014648	12.90566877	4	2	1	2	46	0
13.20769007	12.92255189	0.505456095	0.494543905	3.869678785	4	5	1	2	47	1
20.64446156	3.352063969	0.860310445	0.139689555	6.003384948	5	3	1	2	48	1
15.51191032	11.65086311	0.571072404	0.428927596	2.837218293	5	5	1	2	49	1
21.27177943	4.908922288	0.812498445	0.187501555	3.819252381	3	2	1	2	50	1
12.30318706	11.39943984	0.519064284	0.480935716	6.297294123	5	6	1	2	51	0
6.759414948	8.866134753	0.432587338	0.567412662	14.37441723	3	5	0	2	52	0
8.71950432	9.804047056	0.470725302	0.529274698	11.47644976	4	5	0	2	53	1
5.495799249	19.65625229	0.218503021	0.781496979	4.847819598	3	4	0	2	54	0
0.464344576	20.59308037	0.022051347	0.977948653	8.942462439	1	3	0	2	55	0
0	29.37291819	0	1	0.627030206	0	1	0	2	56	0
12.56046308	9.328474532	0.573826985	0.426173015	8.110931532	6	4	1	2	57	0
7.960035204	14.24094655	0.358544288	0.641455712	7.798955806	4	5	1	2	58	0
4.695742971	18.99063202	0.198246586	0.801753414	6.31355801	3	6	0	2	59	0
0.19203287	27.1467362	0.007024196	0.992975804	2.661204697	1	3	0	2	60	0
13.03196699	10.04572289	0.564699806	0.435300194	6.92226907	4	5	0	2	61	1
0.37590429	25.81194679	0.014354148	0.985645852	3.81202462	1	3	0	2	62	0
16.98758634	8.415212509	0.668728924	0.331271076	4.597172358	5	5	0	2	63	0
16.82484397	2.224576896	0.88322076	0.11677924	10.95056944	4	2	0	2	64	0
3.111681622	21.47262727	0.126571857	0.873428143	5.416144131	1	3	0	3	1	0
29.05532022	0	1	0	0.944570299	1	0	1	3	2	0
3.087833257	13.29435183	0.188487265	0.811512735	13.617842	2	5	0	3	3	0
0	24.74706849	0	1	5.252953462	0	2	0	3	4	0
6.963828602	16.74320143	0.293745298	0.706254702	6.292940884	3	3	0	3	5	0
1.367925959	18.71573861	0.068111373	0.931888627	9.916318611	2	4	0	3	6	0
26.05956275	2.512032804	0.912079366	0.087920634	1.428375934	2	1	1	3	7	0
5.367910564	18.45743673	0.225302511	0.774697489	6.174684925	2	3	0	3	8	0
24.67129256	3.216996172	0.884647057	0.115352943	2.111699868	2	2	1	3	9	0
26.12538966	1.663911394	0.940124029	0.059875971	2.210710639	2	1	1	3	10	0
6.12797292	15.22493384	0.28698542	0.71301458	8.646962377	3	7	0	3	11	0
20.99436563	5.160096796	0.80270683	0.19729317	3.845545274	3	2	1	3	12	0
18.5379906	3.815178451	0.829322704	0.170677296	7.646899371	4	2	1	3	13	0
2.463786123	16.67321268	0.128744645	0.871255355	10.86306933	2	6	0	3	14	0
25.83314469	1.751793688	0.936494559	0.063505441	2.415027406	2	1	1	3	15	0
17.89163976	5.959006186	0.750153258	0.249846742	6.149327541	5	3	1	3	16	0
19.35942408	6.711441627	0.742569284	0.257430716	3.929044201	5	3	1	3	17	0
1.759898996	19.33046022	0.083445662	0.916554338	8.909438364	1	5	0	3	18	0
23.33206218	3.439541473	0.87152277	0.12847723	3.228193357	3	2	1	3	19	0
26.05576298	2.381860931	0.916242618	0.083757382	1.562256919	2	2	1	3	20	0
4.543924896	14.92725835	0.233366655	0.766633345	10.52881019	2	5	0	3	21	0
6.02393532	21.60383062	0.218039176	0.781960824	2.372152237	2	3	0	3	22	0
6.223821395	17.62336091	0.260987706	0.739012294	6.15273103	3	5	0	3	23	0
17.28487777	3.879371179	0.816701685	0.183298315	8.835708001	5	4	1	3	24	0
3.903361807	18.27493188	0.175999194	0.824000806	7.821646161	2	5	0	3	25	0
5.727604917	18.13203726	0.240054099	0.759945901	6.140366087	3	5	0	3	26	0
9.282293366	10.73510468	0.463711285	0.536288715	9.982436599	5	6	0	3	27	0
7.472857054	14.49613865	0.340154696	0.659845304	8.030985769	4	4	0	3	28	0
8.232764603	13.99976651	0.370302624	0.629697376	7.767495976	3	5	0	3	29	0
1.743431792	24.2428998	0.067090339	0.932909661	4.013628492	1	3	0	3	30	0
29.55963745	0	1	0	0.440381369	1	0	1	3	31	0
2.600366122	14.70124741	0.150296163	0.849703837	12.69816951	2	5	0	3	32	0
29.05759045	0	1	0	0.942433212	1	0	1	3	33	0
27.66475756	0.815937379	0.971351212	0.028648788	1.519273128	2	1	1	3	34	0
10.18699313	15.42366898	0.397763755	0.602236245	4.389320779	5	5	0	3	35	0
27.61157728	1.079336511	0.962380546	0.037619454	1.309070532	2	1	1	3	36	0
4.710315779	18.76779362	0.200625855	0.799374145	6.521898586	3	5	0	3	37	0
2.096044621	20.91953108	0.091070701	0.908929299	6.984285738	2	4	0	3	38	0
25.95995242	2.471592649	0.913068648	0.086931352	1.568446375	2	1	1	3	39	0
5.631472771	17.47685554	0.243698839	0.756301161	6.891516881	4	5	0	3	40	0
18.08086976	5.88075561	0.754576097	0.245423903	6.038321315	7	5	1	3	41	0
26.57982232	0	1	0	3.420228716	2	0	1	3	42	0
3.187993254	14.2474873	0.182845161	0.817154839	12.56454596	3	4	0	3	43	0
7.942968054	18.30446565	0.302618844	0.697381156	3.752494171	4	3	1	3	44	0
3.504096559	23.28633291	0.13079658	0.86920342	3.209577948	1	3	0	3	45	0
18.22102545	4.953127486	0.786265004	0.213734996	6.825673442	5	3	1	3	46	0
21.64791004	2.400193524	0.900191983	0.099808017	5.951874199	4	4	1	3	47	1
4.360724124	18.82356116	0.188089651	0.811910349	6.815687349	3	5	0	3	48	0
27.56590987	1.21579962	0.957757908	0.042242092	1.218274262	2	1	1	3	49	0
4.951741914	23.06116186	0.176766463	0.823233537	1.987080544	2	3	0	3	50	0
4.184951268	18.58534293	0.183789952	0.816210048	7.229631957	3	4	0	3	51	0
5.11521597	19.72691099	0.205908938	0.794091062	5.157834837	6	7	0	3	52	1
28.16020542	0.184214293	0.993500862	0.006499138	1.655565179	2	1	1	3	53	0
7.567589944	19.54906149	0.279075385	0.720924615	2.883347997	4	5	0	3	54	0
0	27.59866096	0	1	2.401347597	0	3	0	3	55	0
28.74043941	0	1	0	1.25954462	1	0	1	3	56	0
3.255733443	18.62345356	0.148805047	0.851194953	8.120810428	5	5	0	3	57	0
28.45476366	0	1	0	1.545128861	1	0	1	3	58	0
26.65007393	0.447872863	0.983472074	0.016527926	2.901949722	2	1	1	3	59	0
0.152163402	24.259304	0.006233276	0.993766724	5.588483278	1	3	0	3	60	0
28.53203407	0.376326913	0.986982074	0.013017926	1.091676365	2	1	1	3	61	0
3.432123819	20.46083423	0.143645831	0.856354169	6.107005461	2	4	0	3	62	0
28.99814829	0	1	0	1.001824906	1	0	1	3	63	0
7.768273435	15.12524027	0.339322025	0.660677975	7.106302127	5	7	0	3	64	0
3.685897171	15.36150664	0.193511788	0.806488212	10.95284907	3	5	0	4	1	0
1.335502441	2.951338342	0.311535349	0.688464651	25.71317119	2	4	1	4	2	0
16.13504526	6.487979913	0.713213425	0.286786575	7.37695601	4	3	1	4	3	0
0	7.927326678	0	1	22.07257639	0	2	0	4	4	0
0	10.69506758	0	1	19.30493613	0	3	0	4	5	0
16.14334726	7.151145788	0.693011315	0.306988685	6.70526034	3	3	1	4	6	0
3.315790029	0	1	0	26.68412672	1	0	1	4	7	0
5.046814805	16.39111076	0.235415259	0.764584741	8.561974657	3	2	0	4	8	0
0	28.19184385	0	1	1.808189505	0	1	0	4	9	0
6.089775393	10.42283484	0.368795442	0.631204558	13.48740117	2	3	0	4	10	0
7.207099638	6.518339816	0.525090629	0.474909371	16.27453973	4	5	1	4	11	0
8.330596219	6.719565331	0.553522046	0.446477954	14.94983588	2	3	0	4	12	0
6.508438137	9.66352196	0.402452028	0.597547972	13.8280419	3	3	1	4	13	0
13.97565876	9.575181172	0.593425067	0.406574933	6.449110172	3	3	1	4	14	0
0	11.92161278	0	1	18.07841031	0	4	0	4	15	0
4.251582926	8.375541932	0.336702375	0.663297625	17.3729028	1	2	0	4	16	1
28.96748619	0	1	0	1.032509244	1	0	1	4	17	0
2.959526877	9.414749228	0.239167678	0.760832322	17.62571449	1	3	0	4	18	0
1.375488904	10.06264421	0.120254668	0.879745332	18.56185976	2	4	0	4	19	0
0	0	0	0	29.99996835	0	0	0	4	20	0
4.239131631	10.83940327	0.281136838	0.718863162	14.92146595	2	3	0	4	21	0
5.248247014	12.42702576	0.296925942	0.703074058	12.32464027	2	4	0	4	22	1
8.99196114	1.399776542	0.865299088	0.134700912	19.60825234	1	1	0	4	23	0
21.7274662	0	1	0	8.272479913	1	0	1	4	24	0
0	9.922804766	0	1	20.07721434	0	4	0	4	25	0
0	6.239219441	0	1	23.76082133	0	3	0	4	26	0
28.21349121	0	1	0	1.786481134	2	0	1	4	27	0
0	19.3813043	0	1	10.61872735	0	5	0	4	28	0
2.49624742	14.05571608	0.150812767	0.849187233	13.4479849	1	2	0	4	29	0
20.79356977	2.271813073	0.901505512	0.098494488	6.934614024	2	2	1	4	30	0
3.608006017	11.78352126	0.234415075	0.765584925	14.60836182	1	2	0	4	31	0
1.575553792	2.087932815	0.430069483	0.569930517	26.33646265	1	3	0	4	32	0
8.447218273	1.336337773	0.863409811	0.136590189	20.21637154	5	1	1	4	33	0
12.01539149	9.952401466	0.546954877	0.453045123	8.032120942	2	2	1	4	34	0
8.28723165	4.711769943	0.63752832	0.36247168	17.00094766	3	2	1	4	35	0
0.055292142	23.72460783	0.002325163	0.997674837	6.220067528	1	3	0	4	36	1
12.69926391	2.383983063	0.841944969	0.158055031	14.91654975	5	1	1	4	37	0
0	0	0	0	30.00001853	0	0	0	4	38	0
21.76340687	0	1	0	8.236587147	2	0	1	4	39	0
9.439522384	0	1	0	20.56043143	3	0	1	4	40	0
1.552030499	5.92937595	0.207451702	0.792548298	22.51852541	1	2	0	4	41	0
8.60700989	3.687869182	0.700048357	0.299951643	17.70509555	3	1	1	4	42	0
4.134992233	11.91389323	0.257649806	0.742350194	13.95110342	2	3	0	4	43	0
0	1.11133865	0	1	28.88863797	0	1	0	4	44	0
0	8.693462201	0	1	21.30655861	0	1	0	4	45	0
4.032393495	10.36053332	0.280164941	0.719835059	15.60700105	2	2	1	4	46	0
6.004197473	0	1	0	23.99576062	1	0	1	4	47	0
1.10392187	2.879909465	0.277100554	0.722899446	26.01606346	1	1	0	4	48	0
18.31944525	4.279926628	0.810617452	0.189382548	7.400482155	3	2	1	4	49	0
0	23.57766949	0	1	6.422348184	0	2	0	4	50	0
0.880193421	0	1	0	29.11978491	1	0	1	4	51	0
1.551831786	14.43177831	0.097088942	0.902911058	14.01637422	1	2	0	4	52	0
29.48045195	0	1	0	0.519525531	1	0	1	4	53	0
7.793729136	3.599915554	0.684041792	0.315958208	18.60632537	3	1	1	4	54	0
5.828295349	0	1	0	24.17175027	2	0	1	4	55	0
7.503877737	12.07646339	0.383235291	0.616764709	10.41963236	1	3	0	4	56	0
28.92106169	0	1	0	1.078910088	2	0	1	4	57	0
0	28.13576655	0	1	1.864181273	0	2	0	4	58	0
0	0	0	0	30.00001083	0	0	0	4	59	0
7.917453794	6.775441636	0.538862733	0.461137267	15.30711398	1	1	0	4	60	0
0	3.976050487	0	1	26.02393127	0	2	0	4	61	0
0	0	0	0	29.99997006	0	0	0	4	62	0
0	2.112311968	0	1	27.88767948	0	1	0	4	63	0
0	26.22843653	0	1	3.77150189	0	2	0	4	64	0
20.6289337	0.920132353	0.957300592	0.042699408	8.450725258	5	1	1	5	1	0
0.280065618	26.9931993	0.01026887	0.98973113	2.726719406	1	2	0	5	2	0
0	21.99907115	0	1	8.000901477	0	2	0	5	3	0
22.38144383	3.315302753	0.87098356	0.12901644	4.303249422	4	1	1	5	4	1
7.806681705	8.639563539	0.474678663	0.525321337	13.55365184	3	3	0	5	5	0
0	25.14121967	0	1	4.858764082	0	2	0	5	6	0
18.05612676	1.208168428	0.937284577	0.062715423	10.73573931	3	1	1	5	7	0
1.432118402	20.93547399	0.064026489	0.935973511	7.632197203	1	4	0	5	8	0
3.271797234	16.31797953	0.167015545	0.832984455	10.41016337	1	2	1	5	9	1
23.66235733	2.375384952	0.90877147	0.09122853	3.962080102	3	2	1	5	10	0
15.39869391	7.134747395	0.683370716	0.316629284	7.466514786	3	3	1	5	11	0
3.960966228	13.94388179	0.221223114	0.778776886	12.09511834	3	3	0	5	12	0
0	15.8796252	0	1	14.12032947	0	1	0	5	13	0
0	28.83387882	0	1	1.166084974	0	2	0	5	14	0
9.647334143	3.284012216	0.746042514	0.253957486	17.06865763	2	3	0	5	15	1
0	27.91338382	0	1	2.086662934	0	2	0	5	16	0
19.0071796	3.015601649	0.863068991	0.136931009	7.977240706	2	1	1	5	17	0
1.344676868	20.31315056	0.062087339	0.937912661	8.342136939	1	3	0	5	18	0
24.10814157	2.320068435	0.912212426	0.087787574	3.571828766	2	2	1	5	19	0
3.847846292	18.80646218	0.16985053	0.83014947	7.34562168	2	3	0	5	20	0
6.783846289	20.14239655	0.251941807	0.748058193	3.073737491	1	2	1	5	21	0
15.85296207	2.9916401	0.841246842	0.158753158	11.15540581	3	1	1	5	22	0
0	29.43017946	0	1	0.569825675	0	1	0	5	23	0
7.62341593	13.4324571	0.362056511	0.637943489	8.944115284	2	3	1	5	24	0
4.558169483	22.39151603	0.169136277	0.830863723	3.050305367	2	1	0	5	25	0
16.09653328	7.047949041	0.695480377	0.304519623	6.855521958	1	2	0	5	26	0
11.95955272	11.77045072	0.503984449	0.496015551	6.269943534	1	1	1	5	27	0
14.98340707	5.527161762	0.730521284	0.269478716	9.489369017	2	2	1	5	28	0
1.847512158	20.16800453	0.083918637	0.916081363	7.984263215	2	5	0	5	29	0
16.9275751	6.910563928	0.710104722	0.289895278	6.161872665	3	2	1	5	30	0
0	25.30338142	0	1	4.696399909	0	3	0	5	31	0
1.039370187	23.18299037	0.042909533	0.957090467	5.77739768	2	4	0	5	32	0
0.559415072	24.29573284	0.02250701	0.97749299	5.144661929	1	3	0	5	33	0
0	28.66476412	0	1	1.33527722	0	1	0	5	34	0
7.751860686	15.77717759	0.329459309	0.670540691	6.470986818	1	3	0	5	35	0
4.231947515	21.76745492	0.162770953	0.837229047	4.000627213	1	3	0	5	36	0
13.65592697	11.53975364	0.541994764	0.458005236	4.804334216	1	4	0	5	37	0
1.543341018	22.17455036	0.065070752	0.934929248	6.282035638	2	2	0	5	38	0
0.727717245	21.67283179	0.032486581	0.967513419	7.599385958	1	4	0	5	39	0
12.95673168	9.303400523	0.582059961	0.417940039	7.739819613	4	3	1	5	40	0
16.3192542	0	1	0	13.68072299	2	0	1	5	41	0
0	23.35331958	0	1	6.646451198	0	2	0	5	42	0
2.26991816	19.20722875	0.10568993	0.89431007	8.522852521	1	3	0	5	43	0
0	15.46227511	0	1	14.53756837	0	3	0	5	44	0
6.67211335	15.38511218	0.302491052	0.697508948	7.942800417	1	2	0	5	45	0
14.85380967	7.120536735	0.675961387	0.324038613	8.02561283	3	1	1	5	46	1
10.84780096	6.743706056	0.616649895	0.383350105	12.408483	1	1	1	5	47	0
1.152051929	6.109985865	0.15864031	0.84135969	22.73798273	1	2	1	5	48	0
1.319838076	19.03093274	0.064854451	0.935145549	9.649094332	1	4	0	5	49	0
12.93550079	10.01912545	0.563524784	0.436475216	7.04515509	1	2	1	5	50	0
21.75454772	0	1	0	8.24542177	2	0	1	5	51	0
10.35139775	5.967735001	0.63431053	0.36568947	13.68082677	2	2	1	5	52	0
0	8.888218309	0	1	21.11180564	0	2	0	5	53	0
22.03066218	1.83203025	0.923226172	0.076773828	6.137267653	2	1	1	5	54	0
5.767785634	22.82930358	0.201691354	0.798308646	1.402935302	1	1	1	5	55	0
21.67967925	4.987584025	0.812969783	0.187030217	3.332718189	1	1	1	5	56	0
13.15562933	12.64747042	0.509846858	0.490153142	4.196853213	1	1	0	5	57	0
0	0	0	0	30.00000086	0	0	0	5	58	0
0	28.96169522	0	1	1.038352105	0	1	0	5	59	0
19.82596795	6.99976394	0.739065314	0.260934686	3.174266688	1	2	0	5	60	0
24.28315493	1.751695044	0.932717298	0.067282702	3.965168558	1	1	0	5	61	0
2.007892341	26.35787287	0.070785763	0.929214237	1.634248761	2	2	1	5	62	0
1.551892217	2.73590238	0.3619325	0.6380675	25.71220198	1	1	0	5	63	0
20.15162457	5.387916391	0.789036287	0.210963713	4.460441079	2	2	0	5	64	0
13.19587198	11.86542116	0.526543938	0.473456062	4.938986261	4	6	0	6	1	1
6.78435118	18.36315279	0.269782289	0.730217711	4.852465241	5	6	1	6	2	1
8.633342808	15.05572349	0.3644442	0.6355558	6.310865276	2	3	0	6	3	0
8.143119472	8.280138739	0.495828499	0.504171501	13.57663972	4	3	1	6	4	0
13.8880732	10.48127987	0.569899134	0.430100866	5.630479016	5	5	1	6	5	0
6.303501239	18.23611417	0.256870417	0.743129583	5.460386585	4	8	0	6	6	0
9.368436478	3.663869777	0.718862517	0.281137483	16.96758769	3	2	1	6	7	0
11.18403535	13.60260145	0.451212298	0.548787702	5.213233485	3	4	0	6	8	1
4.103781032	22.9755051	0.151546869	0.848453131	2.920592134	2	2	0	6	9	0
6.027744144	17.69626555	0.254077798	0.745922202	6.275631937	5	4	0	6	10	0
11.99155573	12.35085858	0.492619819	0.507380181	5.657493884	3	2	1	6	11	0
10.88008252	9.525183837	0.53319973	0.46680027	9.594666076	4	5	1	6	12	0
10.60009231	15.13679005	0.411863883	0.588136117	4.263044937	6	5	1	6	13	1
15.42536165	11.63189851	0.570100652	0.429899348	2.942635208	5	3	1	6	14	1
0	28.25524185	0	1	1.744600775	0	1	0	6	15	0
0	28.55134342	0	1	1.448489802	0	1	0	6	16	0
20.66619958	5.103948954	0.801943363	0.198056637	4.229788456	5	3	1	6	17	1
8.24001657	13.22529733	0.383875894	0.616124106	8.534611686	4	6	1	6	18	0
4.847829291	9.613013448	0.335238366	0.664761634	15.53908228	3	4	1	6	19	1
27.62163305	0	1	0	2.378416843	3	0	1	6	20	0
0.903937379	25.70697405	0.033968674	0.966031326	3.389080299	1	2	0	6	21	0
12.96865623	5.120909332	0.716913637	0.283086363	11.91039624	4	2	1	6	22	1
17.52644282	6.672060308	0.724277974	0.275722026	5.801480904	4	3	0	6	23	1
9.18634463	12.47118489	0.424164013	0.575835987	8.342311395	3	3	0	6	24	1
6.363605807	15.49507339	0.2911249	0.7088751	8.141252662	3	4	1	6	25	1
0	28.03594237	0	1	1.963898544	0	2	0	6	26	0
24.74895904	3.007945348	0.891632536	0.108367464	2.243124119	4	2	1	6	27	1
0.536384985	22.47957727	0.023304912	0.976695088	6.983822497	1	1	0	6	28	1
2.839738259	22.00262346	0.114310318	0.885689682	5.157553896	2	3	1	6	29	1
6.656036472	18.12884584	0.268552273	0.731447727	5.214995095	3	5	0	6	30	0
6.720365881	19.39253367	0.257358087	0.742641913	3.88692768	5	6	0	6	31	1
9.274052789	14.85520473	0.384348867	0.615651133	5.870673201	4	5	1	6	32	0
3.864063814	23.94786558	0.138935482	0.861064518	2.18801957	1	2	0	6	33	1
0	28.86600389	0	1	1.133952486	0	1	0	6	34	0
0	26.64408381	0	1	3.35588768	0	2	0	6	35	0
5.719753779	19.0061883	0.23132602	0.76867398	5.273950439	1	3	0	6	36	1
5.671595316	22.8665088	0.198737635	0.801262365	1.46177871	3	4	0	6	37	1
14.04795633	2.535828762	0.847089868	0.152910132	13.41618697	2	2	1	6	38	1
6.12022168	18.90074487	0.244603727	0.755396273	4.979028603	3	4	0	6	39	0
24.0715412	3.920167625	0.859952543	0.140047457	2.008111274	3	1	1	6	40	1
10.84810954	17.36858644	0.384457115	0.615542885	1.783297463	3	4	0	6	41	1
18.18853845	4.968348611	0.785448338	0.214551662	6.842973246	4	4	1	6	42	1
0	27.76966045	0	1	2.230301629	0	3	0	6	43	0
19.92860106	4.712074996	0.808768437	0.191231563	5.359294581	3	1	1	6	44	1
15.08770616	5.336073489	0.738732322	0.261267678	9.576174448	4	5	0	6	45	1
14.22450078	8.080279691	0.637733279	0.362266721	7.695079552	4	3	1	6	46	1
0	28.68012397	0	1	1.319871182	0	1	0	6	47	0
18.71956191	5.005680543	0.789014567	0.210985433	6.274523198	4	4	1	6	48	1
26.76861757	1.015965392	0.963434204	0.036565796	2.215475767	2	1	1	6	49	1
0	28.81669193	0	1	1.183214557	0	1	0	6	50	0
14.95070429	10.87245135	0.578965038	0.421034962	4.176807589	3	4	0	6	51	1
9.103903909	12.19962156	0.427342597	0.572657403	8.696463409	2	3	0	6	52	0
1.616522698	26.87821628	0.056730567	0.943269433	1.505280411	1	2	0	6	53	0
28.76911677	0	1	0	1.230806249	1	0	1	6	54	0
19.63669982	7.944406226	0.711962014	0.288037986	2.418846916	3	3	1	6	55	0
10.58404567	17.39560216	0.378276586	0.621723414	2.020289732	2	3	0	6	56	1
12.42066783	5.559328393	0.690804807	0.309195193	12.0199727	2	3	0	6	57	1
16.28025392	11.08036351	0.595025093	0.404974907	2.639342944	5	6	0	6	58	1
0	28.9859573	0	1	1.014043843	0	1	0	6	59	0
11.25466339	2.664161716	0.808592917	0.191407083	16.08100498	2	1	1	6	60	0
21.60777252	3.642205311	0.855754118	0.144245882	4.749911264	3	2	1	6	61	1
0	28.65838823	0	1	1.341549903	0	2	0	6	62	0
27.00311354	0.672143841	0.975713186	0.024286814	2.324742622	2	1	1	6	63	1
16.61587981	3.829817764	0.812683439	0.187316561	9.554264228	2	1	1	6	64	0
0	25.46057878	0	1	4.539921564	0	3	0	7	1	0
21.35801912	6.112022028	0.777502262	0.222497738	2.529900974	3	2	1	7	2	0
7.999922454	21.04254816	0.275455989	0.724544011	0.957488615	1	2	0	7	3	0
0	28.79956568	0	1	1.200313721	0	1	0	7	4	0
1.479260903	27.22362012	0.051537018	0.948462982	1.296893469	2	2	0	7	5	0
4.315859263	22.6317382	0.160157479	0.839842521	3.052280804	2	1	1	7	6	0
3.728120943	24.54492274	0.131861323	0.868138677	1.726927812	1	2	0	7	7	0
3.960151135	24.73312012	0.138016718	0.861983282	1.306683701	2	3	0	7	8	0
3.396198459	17.03545238	0.166222421	0.833777579	9.568297839	1	2	0	7	9	0
7.384391452	20.74732565	0.262493449	0.737506551	1.868272637	3	4	0	7	10	0
6.59189817	21.11047538	0.237954273	0.762045727	2.297628164	2	3	0	7	11	0
8.584367048	19.86624474	0.301728733	0.698271267	1.549316081	3	4	0	7	12	1
5.260267056	23.38393159	0.18364162	0.81635838	1.355826442	3	3	0	7	13	0
14.61609378	11.78585565	0.553599037	0.446400963	3.598028041	4	4	1	7	14	0
20.21612948	7.685100659	0.724560508	0.275439492	2.098561172	4	4	1	7	15	0
3.816160325	20.64024663	0.156039288	0.843960712	5.543371808	1	3	0	7	16	0
5.000055594	23.3598885	0.176306962	0.823693038	1.640015418	2	3	0	7	17	0
15.09583679	11.25564934	0.572864722	0.427135278	3.648444311	5	5	1	7	18	0
22.52787508	5.734880878	0.79708699	0.20291301	1.73712117	3	3	1	7	19	0
15.35992671	11.84797002	0.56453929	0.43546071	2.791941619	5	4	1	7	20	0
23.59866181	5.136317995	0.821252076	0.178747924	1.264974008	3	2	1	7	21	0
18.96640845	7.20062077	0.724820853	0.275179147	3.83287043	4	4	0	7	22	0
3.507715295	24.91965282	0.123392193	0.876607807	1.5725455	2	2	0	7	23	0
4.504124213	24.33836881	0.156162791	0.843837209	1.157452522	2	3	0	7	24	0
14.07130276	12.70349911	0.525542741	0.474457259	3.225137402	4	3	1	7	25	0
5.760320939	23.24966031	0.198563415	0.801436585	0.989985968	2	3	0	7	26	0
5.931923681	23.00768964	0.204975914	0.795024086	1.060376134	3	3	0	7	27	1
21.04358734	6.512316761	0.763668913	0.236331087	2.444026049	4	3	1	7	28	0
1.224200289	24.7842229	0.047069377	0.952930623	3.991504679	1	3	0	7	29	0
3.272087463	20.84878654	0.135653769	0.864346231	5.879128561	1	3	0	7	30	0
15.4591838	12.71999539	0.548603055	0.451396945	1.820849315	3	2	1	7	31	0
16.70499786	8.631795216	0.659317768	0.340682232	4.663023887	5	3	1	7	32	0
23.88100992	5.056131895	0.825271897	0.174728103	1.062800884	3	2	1	7	33	0
4.208280472	24.51202625	0.146526307	0.853473693	1.279716374	2	3	0	7	34	0
3.136063403	25.16030862	0.110829169	0.889170831	1.703524198	2	3	0	7	35	0
18.0718855	7.367905147	0.710378704	0.289621296	4.560038009	2	1	1	7	36	0
3.464054114	24.71661927	0.122923043	0.877076957	1.819235666	1	2	0	7	37	0
1.383730597	25.79134463	0.050919108	0.949080892	2.824687862	2	3	0	7	38	1
3.680015954	23.56618499	0.135065287	0.864934713	2.753793359	1	3	0	7	39	0
13.27267448	14.35206943	0.480463259	0.519536741	2.375160296	4	3	1	7	40	0
6.85610099	21.42241798	0.242449083	0.757550917	1.721420593	2	3	0	7	41	1
20.34131073	8.688219905	0.700710975	0.299289025	0.970381842	3	2	1	7	42	0
2.168044731	25.66828079	0.07788545	0.92211455	2.163630573	2	4	0	7	43	0
20.64008498	2.615935554	0.88751577	0.11248423	6.743931568	3	2	0	7	44	0
7.023777376	21.20780693	0.248791471	0.751208529	1.768253194	3	3	0	7	45	0
3.256022531	25.32230901	0.113933262	0.886066738	1.421485994	3	4	0	7	46	0
16.69611823	11.45821903	0.593021177	0.406978823	1.845565516	4	4	1	7	47	0
3.928106517	24.22448767	0.139529114	0.860470886	1.847380728	3	4	0	7	48	0
16.29494027	11.74465001	0.581140456	0.418859544	1.960287127	4	3	1	7	49	0
20.54094763	7.760258503	0.725797605	0.274202395	1.698732288	5	3	1	7	50	0
6.832032246	21.31782101	0.242702233	0.757297767	1.849981383	2	3	0	7	51	0
22.58344476	6.275729007	0.782539547	0.217460453	1.140823668	3	3	1	7	52	0
6.376099975	22.43141279	0.221334623	0.778665377	1.192455592	2	3	0	7	53	0
16.09582538	12.3699473	0.565444879	0.434555121	1.534144643	2	2	1	7	54	0
11.20740266	17.59945666	0.389053264	0.610946736	1.193078814	3	3	0	7	55	1
7.480137862	21.06824424	0.262016174	0.737983826	1.451573136	2	3	0	7	56	0
10.80048455	16.21738476	0.399753379	0.600246621	2.98204402	5	5	1	7	57	0
14.95383538	13.65591015	0.522683271	0.477316729	1.390193176	3	3	0	7	58	0
8.360064979	20.33592268	0.291332192	0.708667808	1.303882623	3	4	0	7	59	1
6.184212867	22.84094951	0.213063851	0.786936149	0.974804836	2	3	0	7	60	0
19.35221882	5.91995987	0.765751899	0.234248101	4.727748891	4	1	1	7	61	0
18.5209552	9.464027599	0.661817637	0.338182363	2.015036016	4	4	0	7	62	0
4.21554845	24.5838724	0.146376154	0.853623846	1.200507587	2	2	0	7	63	1
14.8722238	13.13401213	0.531032583	0.468967417	1.99378346	3	4	0	7	64	0
0.415897881	25.82331614	0.015850242	0.984149758	3.761025742	1	3	0	8	1	0
15.53548437	7.702708728	0.668532373	0.331467627	6.761591943	3	4	1	8	2	0
11.61938022	6.96729404	0.625145739	0.374854261	11.41311563	4	4	1	8	3	1
2.15190785	24.09574075	0.081984786	0.918015214	3.752156112	2	2	0	8	4	0
4.792656604	19.0915065	0.20066253	0.79933747	6.115905892	3	3	0	8	5	0
12.36007061	11.33634062	0.52160095	0.47839905	6.303486129	5	5	1	8	6	1
11.84043503	9.4082707	0.557230882	0.442769118	8.751341306	3	2	1	8	7	1
2.168219634	26.43901548	0.075792702	0.924207298	1.392664815	1	2	0	8	8	0
4.810242483	23.15986745	0.171977961	0.828022039	2.029751222	4	5	0	8	9	1
9.200465163	7.696498761	0.544504043	0.455495957	13.10304577	8	4	1	8	10	0
8.048508847	17.67182938	0.312923912	0.687076088	4.279603328	3	3	0	8	11	1
2.408009837	26.57747078	0.083076416	0.916923584	1.014626864	2	3	0	8	12	0
8.800527257	12.81519632	0.407135446	0.592864554	8.384111641	3	5	0	8	13	1
9.150021368	14.2802371	0.390521572	0.609478428	6.569506331	5	5	0	8	14	0
4.639874934	19.4443713	0.192651864	0.807348136	5.915793678	3	3	0	8	15	0
13.78332911	8.35166626	0.622694014	0.377305986	7.865004346	3	1	1	8	16	1
18.22430092	10.0081988	0.645507876	0.354492124	1.767338344	5	2	1	8	17	1
10.88000212	15.1636025	0.417760993	0.582239007	3.956445271	3	4	1	8	18	0
4.808173254	23.14899645	0.171983549	0.828016451	2.042518404	3	3	0	8	19	0
11.07168318	16.19175946	0.406099968	0.593900032	2.736583868	2	2	1	8	20	0
14.5799323	11.31962742	0.562941319	0.437058681	4.100248975	7	5	1	8	21	0
0	29.29129456	0	1	0.708714566	0	1	0	8	22	0
15.47097192	5.071243849	0.753130631	0.246869369	9.457558715	3	2	1	8	23	0
5.96425805	17.73378308	0.25167726	0.74832274	6.301810048	3	3	0	8	24	0
0	25.90325201	0	1	4.096781634	0	1	0	8	25	0
17.81289587	8.936292671	0.66592285	0.33407715	3.250633555	3	2	1	8	26	0
0	25.76298834	0	1	4.237061832	0	2	0	8	27	0
4.847413906	14.53533783	0.250089047	0.749910953	10.61710201	3	4	0	8	28	0
4.391888498	20.56317007	0.175991913	0.824008087	5.044899243	2	4	0	8	29	0
5.426691056	16.56004627	0.246816568	0.753183432	8.013076796	4	4	0	8	30	0
0	28.66880394	0	1	1.331295845	0	1	0	8	31	0
13.03164996	11.3722465	0.53399874	0.46600126	5.596049364	4	4	1	8	32	0
1.191856966	22.91154802	0.04944766	0.95055234	5.896650033	2	2	0	8	33	0
2.256586365	26.37396564	0.078817424	0.921182576	1.369428328	1	2	0	8	34	0
0	28.46747864	0	1	1.532591494	0	1	0	8	35	0
0	28.50343783	0	1	1.496523964	0	1	0	8	36	0
2.265607952	25.03911093	0.08297496	0.91702504	2.695103215	2	2	0	8	37	0
2.088206793	19.97294921	0.094655366	0.905344634	7.938858822	1	5	0	8	38	0
9.56761215	12.55155125	0.432548554	0.567451446	7.880829756	4	8	1	8	39	0
0	29.14762285	0	1	0.852423903	0	1	0	8	40	0
3.336104564	23.69702163	0.123408019	0.876591981	2.966876944	1	3	0	8	41	0
13.22642632	7.576430749	0.635798548	0.364201452	9.196943084	6	3	1	8	42	0
0	19.11885322	0	1	10.88100566	0	4	0	8	43	0
13.80262214	8.984578287	0.605718205	0.394281795	7.212633072	5	4	1	8	44	0
0	28.99016845	0	1	1.009914793	0	1	0	8	45	0
4.695245193	17.11620353	0.215265169	0.784734831	8.188536164	2	4	1	8	46	0
16.00024946	12.77324953	0.556075904	0.443924096	1.226345063	3	3	1	8	47	0
2.472198124	19.70424169	0.111478585	0.888521415	7.823474371	2	3	0	8	48	0
12.21572551	10.40401136	0.540047198	0.459952802	7.380319291	5	4	0	8	49	0
1.455622056	19.56699976	0.069240748	0.930759252	8.977398137	2	5	0	8	50	0
3.263952398	22.5827137	0.12628137	0.87371863	4.153269755	2	4	0	8	51	0
15.5319811	4.160372929	0.788731559	0.211268441	10.30732381	6	2	1	8	52	1
1.744275195	27.0748506	0.060524917	0.939475083	1.180657244	2	3	0	8	53	0
8.599880773	10.79094089	0.443502649	0.556497351	10.60905061	4	5	1	8	54	1
0	28.03481938	0	1	1.965293805	0	1	0	8	55	0
7.336068072	18.03929967	0.289101941	0.710898059	4.624623994	3	3	0	8	56	0
5.096050647	5.071349905	0.501214703	0.498785297	19.83234799	3	3	1	8	57	0
0.55197633	28.15410338	0.019228551	0.980771449	1.293992993	1	2	0	8	58	0
18.00010948	7.920208964	0.694440137	0.305559863	4.079556972	4	2	1	8	59	1
0	29.12291698	0	1	0.877173966	0	1	0	8	60	0
6.208185856	21.43280894	0.224600667	0.775399333	2.359057951	3	3	0	8	61	0
0	26.52512511	0	1	3.474669053	1	1	0	8	62	1
15.48860484	9.029690497	0.63171622	0.36828378	5.481816987	7	5	1	8	63	1
2.705816848	19.41481737	0.122320943	0.877679057	7.87902253	3	4	1	8	64	0
1.456040007	3.681831413	0.283393625	0.716606375	24.8621588	1	2	0	9	1	0
0	4.167715583	0	1	25.83223538	0	2	0	9	2	0
5.031230017	7.008362444	0.417890392	0.582109608	17.96026357	3	2	1	9	3	0
1.215785097	17.73209018	0.064164719	0.935835281	11.05211104	1	4	0	9	4	0
0.31225455	3.63936176	0.079019451	0.920980549	26.04833836	2	3	0	9	5	0
5.095402908	14.79543971	0.256168278	0.743831722	10.10912773	3	5	0	9	6	0
0	25.85324954	0	1	4.14670969	0	2	0	9	7	0
3.071434009	17.64007165	0.148296027	0.851703973	9.288495196	2	4	0	9	8	0
2.007957893	20.40788297	0.08957763	0.91042237	7.584099268	2	6	0	9	9	0
9.495133834	1.959853312	0.828908292	0.171091708	18.54498092	5	1	1	9	10	0
3.111426744	16.39122707	0.159538634	0.840461366	10.49714804	1	4	0	9	11	0
6.959813399	4.330720521	0.616429077	0.383570923	18.70966622	5	4	0	9	12	0
4.200149276	18.65993431	0.183732892	0.816267108	7.139943785	2	4	0	9	13	0
15.68765992	3.784345763	0.805651979	0.194348021	10.52790793	5	2	1	9	14	0
6.887424888	3.021263336	0.695089474	0.304910526	20.09125077	2	1	1	9	15	0
2.960161216	23.81425037	0.110559338	0.889440662	3.225525411	1	4	0	9	16	0
8.599984263	14.86918785	0.366437479	0.633562521	6.530795387	3	5	1	9	17	0
0	25.36367081	0	1	4.636484569	0	3	0	9	18	0
0	24.26068263	0	1	5.739274607	0	4	0	9	19	0
5.871567548	2.511789159	0.700383838	0.299616162	21.61665185	2	1	1	9	20	0
4.51136351	6.879176767	0.396062294	0.603937706	18.60940213	3	4	1	9	21	0
7.039616408	11.57578529	0.378160865	0.621839135	11.38452076	4	6	0	9	22	0
5.791718352	7.167801112	0.446908419	0.553091581	17.04043948	4	2	1	9	23	0
2.519797513	2.815369084	0.472299687	0.527700313	24.66476498	2	3	0	9	24	0
5.840273099	8.686705419	0.402029444	0.597970556	15.47296788	3	5	0	9	25	0
2.416052403	8.111764298	0.229492256	0.770507744	19.47212058	1	2	0	9	26	0
4.392001966	2.30347615	0.655965398	0.344034602	23.30440357	2	2	1	9	27	0
2.975885416	19.19174863	0.134244611	0.865755389	7.832267311	1	3	0	9	28	0
4.424024265	23.34147806	0.159335286	0.840664714	2.234443508	2	3	0	9	29	0
6.179441308	19.00744301	0.245343617	0.754656383	4.813044409	3	3	0	9	30	0
2.31167894	18.76076602	0.109701506	0.890298494	8.927578133	1	5	0	9	31	0
7.127318866	4.344029386	0.621314837	0.378685163	18.52855681	4	2	1	9	32	0
2.943379879	23.03822314	0.113287078	0.886712922	4.018312304	2	3	0	9	33	0
3.471780743	14.78755566	0.19013729	0.80986271	11.74056039	4	2	1	9	34	0
12.87140362	3.311962611	0.795347731	0.204652269	13.81651774	4	2	1	9	35	0
5.487600165	14.98317333	0.268069996	0.731930004	9.529104766	3	4	0	9	36	0
5.5193157	14.98817848	0.269136524	0.730863476	9.492510663	4	5	0	9	37	0
0	21.70753541	0	1	8.292359676	0	4	0	9	38	0
2.503755146	18.51160185	0.119139311	0.880860689	8.984596818	2	6	0	9	39	0
5.69573955	2.975625409	0.656844635	0.343155365	21.32860625	3	4	1	9	40	0
5.720397242	9.015904666	0.388184042	0.611815958	15.26369068	3	6	0	9	41	0
4.072305548	15.17860997	0.21153828	0.78846172	10.74893909	2	5	0	9	42	0
1.815958663	12.87896665	0.123577264	0.876422736	15.30503905	1	4	0	9	43	0
3.371084737	22.12700412	0.13220931	0.86779069	4.501798815	2	4	0	9	44	0
3.999730299	19.6010089	0.169474789	0.830525211	6.399203783	2	5	0	9	45	0
5.031647682	12.76818423	0.282679506	0.717320494	12.20004151	3	5	0	9	46	0
4.74351798	17.16786782	0.216486443	0.783513557	8.088595379	4	5	0	9	47	0
3.866669594	8.056293115	0.324304427	0.675695573	18.07692439	3	5	0	9	48	0
4.607628549	13.59143337	0.253179453	0.746820547	11.80089788	2	4	0	9	49	0
3.75146846	13.50113882	0.217443567	0.782556433	12.74742009	2	6	0	9	50	0
6.887698295	6.654851326	0.508596866	0.491403134	16.45735202	5	5	0	9	51	0
2.558703462	9.208031333	0.217452293	0.782547707	18.23322444	2	6	0	9	52	0
0	11.21178491	0	1	18.78821937	0	5	0	9	53	0
6.615723859	5.770086672	0.534137337	0.465862663	17.61417179	5	4	1	9	54	0
0	2.16764659	0	1	27.83222711	0	2	0	9	55	0
2.672083401	1.975977218	0.574881358	0.425118642	25.3518912	2	1	0	9	56	0
1.719812224	2.910844407	0.371397053	0.628602947	25.36922192	1	4	0	9	57	0
0	0	0	0	29.99991019	0	0	0	9	58	0
1.047842577	1.855858173	0.36086452	0.63913548	27.09625278	1	2	0	9	59	0
1.663849535	15.03937123	0.099612497	0.900387503	13.29675301	1	4	0	9	60	0
0	28.21527164	0	1	1.784655092	0	1	0	9	61	0
0.168172593	0	1	0	29.83166433	1	0	1	9	62	0
0	1.439924655	0	1	28.56006423	0	1	0	9	63	0
1.663935349	12.27948672	0.11933479	0.88066521	16.05657279	2	4	0	9	64	0
0	23.35139228	0	1	6.648438656	0	1	0	10	1	0
7.207803827	5.341396521	0.574363595	0.425636405	17.45067449	2	3	0	10	2	0
1.935738158	4.031830144	0.324376372	0.675623628	24.03218537	1	1	1	10	3	0
0	28.82630965	0	1	1.173646726	0	1	0	10	4	0
4.103485958	9.88765268	0.29329178	0.70670822	16.00879123	1	2	0	10	5	0
2.439962858	18.81563023	0.114791568	0.885208432	8.744307982	1	3	0	10	6	0
0	26.32063068	0	1	3.679274099	0	2	0	10	7	0
0.239960406	28.55702966	0.008332829	0.991667171	1.202924404	1	1	1	10	8	0
14.80550105	3.679952343	0.800927125	0.199072875	11.51450299	2	1	1	10	9	0
0	20.06944233	0	1	9.930426815	0	3	0	10	10	0
0	29.10482648	0	1	0.895313217	0	1	0	10	11	0
0	5.560239561	0	1	24.43970342	0	1	0	10	12	0
0	16.25734216	0	1	13.74254267	0	2	0	10	13	0
7.254939079	0	1	0	22.74493576	4	0	1	10	14	0
0	27.93590979	0	1	2.064014948	0	1	0	10	15	0
0	8.099046153	0	1	21.9008649	0	1	0	10	16	0
0	11.09611907	0	1	18.9037304	0	2	0	10	17	0
0	18.97349831	0	1	11.0264193	0	1	0	10	18	0
0	27.4518374	0	1	2.548029742	0	2	0	10	19	0
0.272005513	18.95246333	0.014148922	0.985851078	10.77539146	1	3	0	10	20	0
9.000701907	0	1	0	20.99920943	2	0	1	10	21	0
0	28.77587042	0	1	1.223987602	0	1	0	10	22	0
0	28.73604789	0	1	1.263804148	0	1	0	10	23	0
0	22.77153468	0	1	7.228402318	0	1	0	10	24	0
15.22408539	0	1	0	14.7758191	3	0	1	10	25	0
7.487143156	9.544644509	0.439598197	0.560401803	12.96796373	2	2	0	10	26	0
0	26.84658171	0	1	3.153278593	0	2	0	10	27	0
0	18.85616807	0	1	11.14373243	0	2	0	10	28	0
0	14.24397513	0	1	15.75588261	0	1	0	10	29	0
0	7.622602946	0	1	22.37738308	0	1	0	10	30	0
29.16276859	0	1	0	0.837171537	1	0	1	10	31	0
0	26.20643593	0	1	3.793448317	0	1	0	10	32	0
0	11.01611364	0	1	18.98383248	0	1	0	10	33	0
1.820744575	4.695888085	0.279399602	0.720600398	23.48315095	2	1	1	10	34	0
0	28.52056214	0	1	1.479394524	0	1	0	10	35	0
19.02547592	0	1	0	10.97439721	2	0	1	10	36	0
21.42941743	0	1	0	8.570497325	2	0	1	10	37	0
0	29.45722287	0	1	0.542649976	0	1	0	10	38	0
9.535857557	0	1	0	20.46395856	1	0	1	10	39	0
17.5278894	0	1	0	12.47204788	2	0	1	10	40	0
0	28.24887993	0	1	1.750917654	0	1	0	10	41	0
5.855986466	0	1	0	24.14395338	1	0	1	10	42	0
9.864039866	0	1	0	20.13589029	2	0	1	10	43	0
0	28.81916343	0	1	1.180759308	0	1	0	10	44	0
27.71442476	0	1	0	2.285111674	1	0	1	10	45	0
0	29.15794419	0	1	0.841895868	0	1	0	10	46	0
0	28.22234488	0	1	1.77726169	0	1	0	10	47	0
2.296136632	0	1	0	27.70378554	1	0	1	10	48	0
17.61948855	4.759861409	0.787310113	0.212689887	7.620473562	2	1	1	10	49	0
18.63123053	0.463891844	0.975706265	0.024293735	10.90471313	3	1	1	10	50	0
6.062267023	2.983833615	0.670152507	0.329847493	20.95370692	1	1	0	10	51	0
0	18.70637991	0	1	11.29351432	0	4	0	10	52	0
27.93871456	0	1	0	2.061292279	1	0	1	10	53	0
2.184164498	0	1	0	27.81572004	1	0	1	10	54	0
10.15971436	1.170135766	0.896720985	0.103279015	18.67007661	1	1	1	10	55	0
22.77870855	4.199831109	0.844326966	0.155673034	3.021316934	1	1	0	10	56	0
0	28.48440138	0	1	1.515588922	0	1	0	10	57	0
0	27.26756457	0	1	2.732358741	0	2	0	10	58	0
0	29.60007378	0	1	0.399863211	0	1	0	10	59	0
6.975608018	0	1	0	23.02407667	1	0	1	10	60	0
10.086399	6.567873299	0.605634327	0.394365673	13.34562022	2	1	1	10	61	0
0	29.05621842	0	1	0.943494773	0	1	0	10	62	0
0	22.95931163	0	1	7.040363931	0	2	0	10	63	0
0	0	0	0	29.99992359	0	0	0	10	64	0
0.511820519	0.247906324	0.673690187	0.326309813	29.2400371	1	1	1	11	1	0
0	5.687466341	0	1	24.31230273	0	4	0	11	2	0
0	1.447740284	0	1	28.55204504	0	3	0	11	3	0
0.951870046	4.087850993	0.188873558	0.811126442	24.96004547	1	2	0	11	4	0
0	0	0	0	29.99979502	0	0	0	11	5	0
0	0.511916597	0	1	29.48768712	0	1	0	11	6	0
0.223565944	5.911851937	0.036438585	0.963561415	23.86428419	1	2	0	11	7	0
0	0	0	0	29.99980956	0	0	0	11	8	0
0	7.631496239	0	1	22.36826685	0	1	0	11	9	0
0.191389693	0	1	0	29.80852193	1	0	1	11	10	0
0	0.361120622	0	1	29.63883177	0	3	0	11	11	0
0	0	0	0	29.99982067	0	0	0	11	12	0
2.119901231	0	1	0	27.87985872	2	0	1	11	13	0
0	0	0	0	29.99964391	0	0	0	11	14	0
0	0.303765808	0	1	29.69607283	0	1	0	11	15	0
0	0	0	0	29.99973372	0	0	0	11	16	0
0.319661636	0.432040317	0.425250506	0.574749494	29.24808565	1	1	0	11	17	0
0	3.199636674	0	1	26.80029633	0	4	0	11	18	0
0	0	0	0	29.99973686	0	0	0	11	19	0
0	0	0	0	29.99988311	0	0	0	11	20	0
0	15.23939278	0	1	14.76033524	0	3	0	11	21	0
1.191738366	3.263456616	0.267494099	0.732505901	25.54450396	4	6	0	11	22	0
0.400161992	0	1	0	29.59963702	1	0	1	11	23	0
0	0	0	0	29.99976109	0	0	0	11	24	0
0	7.855204162	0	1	22.14452015	0	2	0	11	25	0
0	0	0	0	29.99983293	0	0	0	11	26	0
0	2.790628999	0	1	27.20902974	0	4	0	11	27	0
0	0.479836138	0	1	29.51994519	0	1	0	11	28	0
0	1.215949027	0	1	28.78381919	0	1	0	11	29	0
0	0.487857892	0	1	29.51189835	0	1	0	11	30	0
0	15.2255217	0	1	14.77436711	0	3	0	11	31	0
0	0.54378751	0	1	29.45585013	0	1	0	11	32	0
2.263922748	3.639290487	0.383506856	0.616493144	24.09651079	2	2	1	11	33	0
0	0	0	0	29.99960001	0	0	0	11	34	0
1.991865918	1.775756382	0.52867983	0.47132017	26.2319646	1	1	1	11	35	0
0	0	0	0	29.99970578	0	0	0	11	36	0
0	0	0	0	29.99969295	0	0	0	11	37	0
1.559735225	0	1	0	28.43998624	1	0	1	11	38	0
0	2.679524699	0	1	27.32023268	0	3	0	11	39	0
0	6.219401828	0	1	23.78034729	0	3	0	11	40	0
0	4.239659915	0	1	25.75993325	0	2	0	11	41	0
0	0	0	0	29.99974427	0	0	0	11	42	0
0	0	0	0	29.99976736	0	0	0	11	43	0
0	0.543238985	0	1	29.45654548	0	2	0	11	44	0
0	2.319094865	0	1	27.68055447	0	2	0	11	45	0
0	5.391754217	0	1	24.60798064	0	5	0	11	46	0
0	0.135871185	0	1	29.86398627	0	1	0	11	47	0
0	0	0	0	29.9997896	0	0	0	11	48	0
0	7.799591286	0	1	22.200275	0	2	0	11	49	0
0	0	0	0	29.99965304	0	0	0	11	50	0
0	0	0	0	29.9997494	0	0	0	11	51	0
0	0	0	0	29.99978219	0	0	0	11	52	0
0	0	0	0	29.99973486	0	0	0	11	53	0
0.671839644	1.935037677	0.257718167	0.742281833	27.3929157	1	3	0	11	54	0
2.663411627	3.751871871	0.415166629	0.584833371	23.58441173	1	3	0	11	55	0
0	0	0	0	29.99955382	0	0	0	11	56	0
0	0	0	0	29.9998603	0	0	0	11	57	0
0	5.25580064	0	1	24.74382617	0	3	0	11	58	0
4.29573037	0	1	0	25.70410656	1	0	1	11	59	0
0	6.855622113	0	1	23.14422308	0	2	0	11	60	0
0	0.399864351	0	1	29.59983145	0	1	0	11	61	0
1.738164442	7.82244888	0.181804701	0.818195299	20.43905739	2	5	0	11	62	0
1.728708654	0	1	0	28.27110432	2	0	1	11	63	0
0.695913173	0.511502352	0.576365931	0.423634069	28.79224464	1	2	0	11	64	0
1.047687607	19.44517071	0.051124523	0.948875477	9.507401119	1	4	0	12	1	0
12.29543833	5.44361893	0.693128059	0.306871941	12.26089227	3	3	0	12	2	0
1.232031903	20.62918544	0.056356967	0.943643033	8.138745025	1	3	0	12	3	0
3.439898129	22.76362578	0.131276165	0.868723835	3.796382575	2	3	0	12	4	0
1.759490452	25.27868974	0.065074293	0.934925707	2.961791584	1	3	0	12	5	0
5.120359405	21.48080641	0.192486278	0.807513722	3.398839598	1	3	0	12	6	0
6.812801597	18.03172674	0.274217385	0.725782615	5.155444583	3	3	0	12	7	0
4.328187997	11.50412108	0.273376927	0.726623073	14.16768608	2	4	0	12	8	0
14.71678149	10.02322685	0.59485758	0.40514242	5.259967134	3	2	1	12	9	0
3.168178726	19.61977695	0.139028651	0.860971349	7.211999562	2	4	0	12	10	0
15.18420888	6.016430996	0.71621465	0.28378535	8.799174245	3	4	1	12	11	0
13.69733389	9.3517487	0.594268073	0.405731927	6.950788835	2	1	1	12	12	0
16.43203572	3.32876874	0.831546902	0.168453098	10.23917444	1	1	1	12	13	0
4.519698493	21.15976637	0.176004388	0.823995612	4.3204804	2	3	0	12	14	0
3.807928149	6.191418409	0.380817699	0.619182301	20.00059728	2	3	0	12	15	0
10.30395019	3.535616314	0.744528392	0.255471608	16.1602134	3	2	0	12	16	0
1.89561116	9.215394498	0.170606624	0.829393376	18.88896954	1	3	0	12	17	0
11.6071634	6.848406792	0.62892467	0.37107533	11.54436423	5	3	1	12	18	0
1.464068084	19.95180663	0.068363684	0.931636316	8.584060283	2	3	0	12	19	0
0	23.75443198	0	1	6.245552344	0	2	0	12	20	0
5.943684788	17.30154283	0.255694841	0.744305159	6.754717928	3	3	0	12	21	0
0	16.68323356	0	1	13.31666124	0	4	0	12	22	0
2.231174902	5.567489305	0.28609706	0.71390294	22.20121035	4	3	1	12	23	0
4.079843128	15.8614956	0.204592238	0.795407762	10.05867211	1	4	0	12	24	0
0	29.19326413	0	1	0.806634379	0	1	0	12	25	0
11.92717168	2.119860485	0.849088373	0.150911627	15.95273035	3	1	1	12	26	0
0	21.16719001	0	1	8.83274841	0	2	0	12	27	0
9.162164035	10.40067334	0.468345356	0.531654644	10.43696192	3	5	0	12	28	0
9.687771448	5.651726918	0.631557253	0.368442747	14.66048139	3	2	1	12	29	0
5.199405402	7.466796747	0.410494428	0.589505572	17.33365587	2	3	1	12	30	0
4.047794233	13.29048791	0.233459936	0.766540064	12.66166055	2	3	1	12	31	0
12.59993563	0	1	0	17.39995917	3	0	1	12	32	0
5.775805983	10.63139551	0.35202871	0.64797129	13.59276943	2	3	0	12	33	0
17.24796198	5.711931139	0.751221353	0.248778647	7.040053849	3	3	1	12	34	0
0	20.58776455	0	1	9.41208321	0	2	0	12	35	0
0	11.98407306	0	1	18.0158685	0	2	0	12	36	0
2.015698011	7.414717506	0.213744348	0.786255652	20.56953516	2	3	0	12	37	0
6.223334734	4.376262766	0.587129345	0.412870655	19.40027848	2	2	0	12	38	0
2.66391453	0.935839203	0.740026882	0.259973118	26.40014591	1	2	0	12	39	0
6.360118577	0	1	0	23.63980331	2	0	1	12	40	0
0	18.23958897	0	1	11.76035857	0	3	0	12	41	0
5.787028542	4.271720828	0.575322869	0.424677131	19.94111464	3	2	1	12	42	0
11.69600419	8.30744662	0.584699325	0.415300675	9.996409203	3	5	0	12	43	0
0	0	0	0	29.99993785	0	0	0	12	44	0
0	14.32846454	0	1	15.67146048	0	2	0	12	45	0
7.288082261	13.4715171	0.351070468	0.648929532	9.240228728	3	5	0	12	46	0
4.168031046	17.36322728	0.193580467	0.806419533	8.468787009	2	5	0	12	47	0
23.37771533	2.823906696	0.892223974	0.107776026	3.798288734	3	1	1	12	48	0
0	8.167301483	0	1	21.83271819	0	1	0	12	49	0
9.847628193	4.455302776	0.68850421	0.31149579	15.69704965	4	2	1	12	50	0
16.93615481	5.160354809	0.766462898	0.233537102	7.903443345	4	2	0	12	51	0
3.319803579	8.807773341	0.273740056	0.726259944	17.87238573	2	3	0	12	52	0
14.23106058	3.344660618	0.80969995	0.19030005	12.42420553	4	2	1	12	53	0
12.32786812	7.839831359	0.61126794	0.38873206	9.832248919	2	2	1	12	54	0
5.647831067	6.958405772	0.448018797	0.551981203	17.39371954	1	1	1	12	55	0
0	29.05629811	0	1	0.943631189	0	1	0	12	56	0
0	0.543408301	0	1	29.45657716	0	1	0	12	57	0
10.66369329	4.495761463	0.703435148	0.296564852	14.84044403	1	1	1	12	58	0
1.672159821	19.9961204	0.07717086	0.92282914	8.33164879	1	3	0	12	59	0
4.179894788	10.55992397	0.283578439	0.716421561	15.26015359	2	2	0	12	60	0
12.59308246	6.160179189	0.671514252	0.328485748	11.24668332	3	2	1	12	61	0
6.639232542	1.623922547	0.803474275	0.196525725	21.73684235	3	1	1	12	62	0
3.455424797	5.800003307	0.373340353	0.626659647	20.74446926	2	1	1	12	63	0
2.751837308	5.959539603	0.315890052	0.684109948	21.28854041	3	4	1	12	64	0
9.784588309	3.973103225	0.711208584	0.288791416	16.24269592	2	2	0	13	1	0
20.35255782	3.303849003	0.860340202	0.139659798	6.343517342	5	3	1	13	2	0
21.30103793	0.999847757	0.955165558	0.044834442	7.698941543	3	1	1	13	3	0
2.704213017	18.92124321	0.125047675	0.874952325	8.374546337	3	5	0	13	4	0
7.137992016	16.19988864	0.305854337	0.694145663	6.662039516	6	4	0	13	5	0
1.319986726	7.620334147	0.147644223	0.852355777	21.05962125	2	3	0	13	6	0
2.479881445	15.84727865	0.135311823	0.864688177	11.67279201	2	4	0	13	7	0
5.740044783	16.01148805	0.263891507	0.736108493	8.248323192	3	4	0	13	8	0
4.304239873	22.71984954	0.159274187	0.840725813	2.975833899	2	2	0	13	9	0
2.34159036	7.871376895	0.229276204	0.770723796	19.78695406	3	6	0	13	10	0
3.687360836	15.36273356	0.193561289	0.806438711	10.94977389	4	6	0	13	11	0
5.048570259	17.04306329	0.228528608	0.771471392	7.908306292	4	4	0	13	12	0
4.783849048	22.38439478	0.176082381	0.823917619	2.831577981	4	4	0	13	13	1
15.31211743	0.583886282	0.96326836	0.03673164	14.10378531	5	1	0	13	14	0
5.286624484	10.25141737	0.340237498	0.659762502	14.46188089	5	6	0	13	15	0
12.71213192	3.56824235	0.780825533	0.219174467	13.71958468	4	3	1	13	16	0
14.56677039	0.559550833	0.963008135	0.036991865	14.87345498	4	1	1	13	17	0
1.47995557	12.68051647	0.104513152	0.895486848	15.8394028	1	5	0	13	18	0
3.426496725	17.54354711	0.163399598	0.836600402	9.030002925	3	5	0	13	19	0
6.217066403	9.928062487	0.385073817	0.614926183	13.85473198	6	5	1	13	20	0
4.767927715	16.66136782	0.222495775	0.777504225	8.570646872	2	4	0	13	21	0
7.926175704	2.639804958	0.750159967	0.249840033	19.43394293	4	2	1	13	22	0
8.136066175	15.59543506	0.342838243	0.657161757	6.268479095	2	4	0	13	23	0
19.28791712	3.816026421	0.834832248	0.165167752	6.896006281	6	3	1	13	24	0
2.864310726	20.32783435	0.123503484	0.876496516	6.807766258	4	4	0	13	25	0
19.22501638	1.67184976	0.919995192	0.080004808	9.103077697	3	1	1	13	26	0
0.831848825	2.847604516	0.22607946	0.77392054	26.32044573	2	2	0	13	27	0
4.247562264	12.03706054	0.260832708	0.739167292	13.71525574	3	4	1	13	28	0
9.791847491	0.89603023	0.916163877	0.083836123	19.31206469	2	1	1	13	29	0
18.19995507	0.887901212	0.95348345	0.04651655	10.9121115	5	2	1	13	30	0
10.47926335	2.952179265	0.780203858	0.219796142	16.56857221	5	3	0	13	31	0
1.791577217	23.5757202	0.070625467	0.929374533	4.632651263	2	2	0	13	32	0
13.45526403	2.400734927	0.84859138	0.15140862	14.14386961	5	2	1	13	33	0
0	28.54012934	0	1	1.459856687	0	1	0	13	34	0
2.415082231	3.239718345	0.427085305	0.572914695	24.34519771	2	2	1	13	35	1
0	10.37593192	0	1	19.62396801	0	4	0	13	36	0
20.33208261	0.904052335	0.957428584	0.042571416	8.763676609	4	1	1	13	37	0
4.397330849	4.520748338	0.493080489	0.506919511	21.08180962	3	2	1	13	38	0
16.47332902	2.391834433	0.873214222	0.126785778	11.13470169	4	2	1	13	39	0
4.144324057	11.05574334	0.27265169	0.72734831	14.79989212	3	5	0	13	40	0
0	27.09290424	0	1	2.907129405	0	1	0	13	41	0
2.040278165	24.89576024	0.075745295	0.924254705	3.063900298	2	2	0	13	42	0
1.863990275	16.9597703	0.099023267	0.900976733	11.17612852	1	5	0	13	43	0
7.12827785	17.93960613	0.284358977	0.715641023	4.932134266	2	5	0	13	44	1
3.127888121	10.81604723	0.224318891	0.775681109	16.05598881	2	4	0	13	45	0
11.78377464	7.655613107	0.606180338	0.393819662	10.56060256	4	3	1	13	46	0
13.93918675	10.02392804	0.581693443	0.418306557	6.036748644	4	2	1	13	47	0
2.536431044	22.50834655	0.101275846	0.898724154	4.955257191	4	5	0	13	48	0
2.560129298	15.91184579	0.13859532	0.86140468	11.52790859	1	4	0	13	49	1
4.527650006	16.6720901	0.213571015	0.786428985	8.800236518	4	4	0	13	50	1
0	26.39924871	0	1	3.600612164	0	2	0	13	51	0
25.30395506	2.394948565	0.913536341	0.086463659	2.301020824	3	3	1	13	52	1
0	29.0817566	0	1	0.918221167	0	1	0	13	53	0
20.55160057	0	1	0	9.448324447	5	0	1	13	54	0
5.612188879	17.54386385	0.242363798	0.757636202	6.843791606	3	4	0	13	55	0
24.21845398	0	1	0	5.781540319	2	0	1	13	56	0
5.352378207	20.25786459	0.208993653	0.791006347	4.38968821	5	6	0	13	57	1
1.688130032	24.61861928	0.064170986	0.935829014	3.693246983	1	3	0	13	58	0
0	27.79449748	0	1	2.205448919	0	1	0	13	59	0
25.75943719	0	1	0	4.240430237	3	0	1	13	60	0
5.86380268	16.04598071	0.267633987	0.732366013	8.090203498	3	3	0	13	61	0
0	26.84756061	0	1	3.152318508	0	1	0	13	62	0
10.47949114	0	1	0	19.52051114	3	0	1	13	63	0
12.01521799	0	1	0	17.98479911	3	0	1	13	64	0
4.952176129	23.34840935	0.174984936	0.825015064	1.699634903	2	3	0	14	1	0
16.44632476	11.21585987	0.59454179	0.40545821	2.337756354	4	4	0	14	2	0
9.648471387	13.14444979	0.423309997	0.576690003	7.207037774	2	4	0	14	3	0
8.80365428	14.11796241	0.384076499	0.615923501	7.078298064	6	6	1	14	4	1
9.954482007	4.175575144	0.704489862	0.295510138	15.86978519	7	3	0	14	5	0
5.383907551	3.872993975	0.581610114	0.418389886	20.74291972	3	3	1	14	6	0
4.661746149	10.54297976	0.3065985	0.6934015	14.79511472	7	6	1	14	7	0
1.671885397	26.5213536	0.059300934	0.940699066	1.806654373	2	2	1	14	8	0
20.96147605	0	1	0	9.038335503	4	0	1	14	9	0
20.98920018	2.407714997	0.89709263	0.10290737	6.603069999	3	2	1	14	10	0
1.343661031	4.873277077	0.216129067	0.783870933	23.78289796	2	8	1	14	11	0
6.384175828	11.24742029	0.362087232	0.637912768	12.36824224	8	10	1	14	12	0
0	4.35890383	0	1	25.64107593	0	5	0	14	13	0
18.3111156	4.405698494	0.806060019	0.193939981	7.283113494	2	4	1	14	14	0
24.18538225	0	1	0	5.814492875	3	0	1	14	15	0
7.86211176	9.311579737	0.457799755	0.542200245	12.82616168	7	7	1	14	16	0
14.2159491	5.479517659	0.721787875	0.278212125	10.30442462	5	5	1	14	17	0
0	20.37513963	0	1	9.624873488	0	4	0	14	18	0
8.480101256	6.255649657	0.575478054	0.424521946	15.26414189	6	4	1	14	19	0
17.16652326	2.624068369	0.867408291	0.132591709	10.20919141	5	3	1	14	20	0
16.9671746	7.76769593	0.685961731	0.314038269	5.265109515	5	5	1	14	21	1
6.959902302	7.079161343	0.4957526	0.5042474	15.96086565	6	8	0	14	22	0
4.304300599	14.46587654	0.229315928	0.770684072	11.22982656	2	5	0	14	23	0
1.97254044	20.9917156	0.085896118	0.914103882	7.035613666	2	2	0	14	24	0
3.679420554	17.96819411	0.169968868	0.830031132	8.35239959	2	5	0	14	25	0
9.847329395	0.720340476	0.931835449	0.068164551	19.43232186	3	2	1	14	26	0
9.803984994	3.704068472	0.72578814	0.27421186	16.49182109	10	7	1	14	27	0
12.37546578	2.009082102	0.860330535	0.139669465	15.61534064	4	3	1	14	28	1
0.151621727	14.93587847	0.010049493	0.989950507	14.91246902	1	2	0	14	29	0
12.88711092	0	1	0	17.11279928	8	0	1	14	30	0
6.423854431	4.279353898	0.600180267	0.399819733	19.29663715	4	7	1	14	31	0
0.912120626	12.50818547	0.06796571	0.93203429	16.57970018	1	6	0	14	32	0
3.054689616	0.814034151	0.789585869	0.210414131	26.13115991	3	3	1	14	33	0
0.72814277	0.552285379	0.568671323	0.431328677	28.71951398	2	1	0	14	34	0
6.547029016	7.167745195	0.477370529	0.522629471	16.28512486	4	4	1	14	35	0
1.015558973	12.5920478	0.074631711	0.925368289	16.39229401	2	3	0	14	36	0
1.463626261	0.612067142	0.705126421	0.294873579	27.92418258	2	2	0	14	37	0
3.511484058	6.631520277	0.34619763	0.65380237	19.856974	2	3	0	14	38	0
0.583598333	3.51076846	0.142536896	0.857463104	25.90549893	1	7	0	14	39	0
16.20456454	5.095744675	0.760766634	0.239233366	8.699561347	6	4	1	14	40	0
0.207825216	15.3216708	0.013382612	0.986617388	14.47044297	1	8	0	14	41	0
4.008543551	11.34980462	0.261000956	0.738999044	14.64160707	2	4	1	14	42	0
0	28.50681671	0	1	1.493054997	0	2	0	14	43	0
2.583928477	21.71242842	0.106350449	0.893649551	5.703600625	2	5	0	14	44	1
0	2.622220074	0	1	27.37748713	0	3	0	14	45	0
0	26.17081314	0	1	3.829148085	0	1	0	14	46	0
0	28.14556595	0	1	1.854367911	0	1	0	14	47	0
1.215763788	0.360095542	0.771492585	0.228507415	28.42405457	3	1	1	14	48	0
0	2.2871197	0	1	27.7127694	0	2	0	14	49	0
1.41509449	0	1	0	28.58476011	2	0	1	14	50	0
17.39223899	0	1	0	12.60770684	6	0	1	14	51	0
12.64099524	0	1	0	17.35892721	6	0	1	14	52	0
0.215863857	0.383780682	0.359986364	0.640013636	29.40028219	1	1	0	14	53	0
2.312614075	2.400316117	0.490695593	0.509304407	25.28693923	3	4	1	14	54	0
10.31549443	5.432122862	0.655051125	0.344948875	14.25236447	8	6	1	14	55	0
0	25.07983731	0	1	4.920164114	0	3	0	14	56	0
7.319255448	0.880491499	0.892619674	0.107380326	21.80011934	6	3	1	14	57	0
6.550878132	11.83187619	0.356359989	0.643640011	11.61718894	7	6	1	14	58	0
4.055605638	1.447835788	0.736921741	0.263078259	24.49657254	5	3	0	14	59	0
0	9.751361773	0	1	20.24865362	0	6	0	14	60	0
0	0	0	0	29.99996636	0	0	0	14	61	0
1.143922638	0.751599261	0.603486902	0.396513098	28.10449435	1	1	0	14	62	0
0	0	0	0	29.99992958	0	0	0	14	63	0
0	0	0	0	29.99994498	0	0	0	14	64	0
1.220361573	18.64068249	0.061444986	0.938555014	10.13904688	2	6	0	15	1	1
7.83819398	14.9664476	0.343710466	0.656289534	7.195230129	6	5	0	15	2	0
14.14403525	4.864184712	0.744100988	0.255899012	10.99166001	5	3	1	15	3	1
4.480386639	18.93103863	0.191376073	0.808623927	6.588499178	4	6	0	15	4	0
9.408897871	7.055828585	0.571457892	0.428542108	13.53512472	6	6	0	15	5	0
18.74243362	1.455923466	0.927918718	0.072081282	9.801634357	5	2	1	15	6	0
8.943453537	1.103921589	0.890128359	0.109871641	19.95257783	6	1	1	15	7	0
13.57434973	5.952257097	0.69517197	0.30482803	10.47324064	5	6	1	15	8	1
9.640308442	3.231878988	0.748925425	0.251074575	17.12761899	4	3	1	15	9	0
15.40773638	1.783999865	0.896229221	0.103770779	12.80818507	4	3	1	15	10	1
0.96793182	15.03918168	0.060468855	0.939531145	13.99274652	2	3	0	15	11	0
3.392230435	20.42685794	0.142416468	0.857583532	6.180903352	2	6	0	15	12	0
17.19199141	3.071569736	0.848419056	0.151580944	9.736298587	6	3	1	15	13	0
16.17525042	4.760524274	0.772612939	0.227387061	9.064106424	4	3	1	15	14	0
9.7171143	2.431939543	0.799824779	0.200175221	17.85089883	4	3	0	15	15	0
10.12764892	0.359835532	0.965689052	0.034310948	19.51234791	3	1	1	15	16	0
20.35176667	7.441215227	0.732262797	0.267737203	2.206830222	4	4	1	15	17	1
4.118906943	0	1	0	25.8809984	4	0	1	15	18	0
11.5358426	1.519824334	0.883588917	0.116411083	16.94428973	4	2	1	15	19	0
9.623641861	12.92212246	0.426849218	0.573150782	7.454060631	7	8	1	15	20	0
14.91242283	4.415730545	0.771538933	0.228461067	10.67167728	8	4	1	15	21	0
8.080646991	5.334974361	0.602331176	0.397668824	16.58423781	5	5	1	15	22	1
12.5569533	7.312100042	0.631985484	0.368014516	10.13081095	7	5	1	15	23	0
4.200225057	10.12753545	0.293152936	0.706847064	15.67215339	4	4	0	15	24	0
8.728327515	3.439888378	0.717305445	0.282694555	17.83179637	6	4	1	15	25	1
1.703768548	3.407181293	0.333356539	0.666643461	24.88904816	2	4	0	15	26	0
6.535693779	3.296115132	0.664749879	0.335250121	20.1681851	6	3	1	15	27	0
9.655769626	5.647607253	0.630956795	0.369043205	14.69647915	5	4	1	15	28	1
5.336079689	11.41416592	0.31856725	0.68143275	13.24962381	2	5	0	15	29	0
4.366744327	10.579453	0.292164236	0.707835764	15.05363931	6	6	1	15	30	0
15.4481072	2.27248074	0.871760421	0.128239579	12.27934221	6	4	1	15	31	0
8.408020053	4.992199416	0.627453906	0.372546094	16.59971524	6	4	1	15	32	0
5.17610058	7.99148667	0.393094079	0.606905921	16.83230327	5	7	1	15	33	0
10.13527674	1.77579045	0.850912565	0.149087435	18.08894507	3	2	1	15	34	0
10.03215913	8.976112441	0.527778609	0.472221391	10.9916774	4	3	0	15	35	1
2.943321821	3.893803039	0.430491161	0.569508839	23.16270864	5	3	1	15	36	0
4.853359232	17.27135631	0.21936369	0.78063631	7.875222591	5	6	0	15	37	1
2.791491117	6.847836301	0.289593972	0.710406028	20.36055056	3	4	1	15	38	0
13.50934582	4.960260386	0.731436592	0.268563408	11.5302464	3	2	1	15	39	1
8.832546746	5.831961724	0.602307726	0.397692274	15.33538975	3	2	1	15	40	1
0.367569973	3.247808589	0.101668461	0.898331539	26.38462799	1	2	0	15	41	0
1.624319541	3.600086157	0.310909917	0.689090083	24.77544463	2	2	0	15	42	0
3.839489753	3.41585884	0.529194387	0.470805613	22.74455419	6	4	1	15	43	0
1.712119087	4.511786833	0.275087559	0.724912441	23.77599373	2	2	0	15	44	0
15.66247344	0	1	0	14.33738601	3	0	1	15	45	0
3.391689318	9.312103749	0.266982412	0.733017588	17.29606695	4	3	0	15	46	0
2.087982009	1.776154236	0.540348962	0.459651038	26.135815	1	1	1	15	47	0
0	7.339315558	0	1	22.66061887	0	2	0	15	48	0
4.272075615	9.399512139	0.312478382	0.687521618	16.32828167	4	6	0	15	49	0
1.813119555	0	1	0	28.18669114	2	0	1	15	50	0
7.367790639	0.599663641	0.924735854	0.075264146	22.03254572	4	1	1	15	51	0
3.7502382	3.479909669	0.518694537	0.481305463	22.76977915	5	3	0	15	52	0
11.54430689	6.159563434	0.652078143	0.347921857	12.296045	6	6	0	15	53	1
12.87819161	11.04782672	0.538250512	0.461749488	6.073847389	8	8	0	15	54	1
21.72070597	0.687968952	0.96929899	0.03070101	7.591286302	2	1	0	15	55	0
1.696045796	10.53623433	0.138653283	0.861346717	17.76764376	5	4	1	15	56	0
8.216519014	13.00856493	0.387113617	0.612886383	8.774912061	6	7	0	15	57	1
9.184262669	18.48079775	0.331980575	0.668019425	2.334891397	4	6	0	15	58	0
12.54471287	9.007713344	0.582055716	0.417944284	8.447392174	8	6	1	15	59	0
7.728014476	14.75461475	0.343732684	0.656267316	7.517302636	4	7	1	15	60	0
4.480266613	7.840688023	0.363629828	0.636370172	17.67894358	4	5	0	15	61	0
9.520656537	3.296263098	0.742819399	0.257180601	17.18301365	6	3	1	15	62	0
14.14801523	9.392362436	0.601010546	0.398989454	6.459461825	5	3	1	15	63	0
4.975906029	2.272196782	0.686511513	0.313488487	22.75169277	4	2	1	15	64	0
4.600275462	17.28732982	0.210177194	0.789822806	8.112381036	4	2	0	16	1	0
25.69555372	3.09552686	0.89248313	0.10751687	1.2088778	3	3	1	16	2	0
5.128484547	23.21484377	0.180941507	0.819058493	1.656657709	3	4	0	16	3	0
7.121583734	19.12825618	0.271300082	0.728699918	3.750061439	5	5	0	16	4	0
6.877668452	21.21636364	0.244808877	0.755191123	1.905810538	4	4	0	16	5	0
8.695524636	19.84192022	0.304705788	0.695294212	1.462233554	2	3	0	16	6	0
9.423602689	18.3817944	0.338912718	0.661087282	2.194573832	4	5	0	16	7	0
23.38058359	5.32797519	0.81441161	0.18558839	1.291481424	3	2	1	16	8	0
9.280667347	19.43099701	0.323236829	0.676763171	1.288283757	4	5	0	16	9	1
7.885167116	19.07171913	0.292510309	0.707489691	3.043042196	4	5	0	16	10	0
24.4707848	3.896272848	0.862647974	0.137352026	1.632891031	4	3	1	16	11	0
22.40803317	3.015684701	0.881383017	0.118616983	4.576260464	4	1	1	16	12	0
9.991597573	17.69784933	0.360844968	0.639155032	2.310396008	5	6	0	16	13	0
9.608703263	15.90962288	0.376541283	0.623458717	4.481402731	4	4	0	16	14	0
23.50346081	5.328090655	0.815199308	0.184800692	1.168345327	3	2	1	16	15	0
10.57587615	13.74797965	0.434794394	0.565205606	5.676031872	3	3	0	16	16	0
7.215436209	18.38002223	0.281902988	0.718097012	4.404507352	3	4	0	16	17	0
25.2315631	2.872061132	0.8978046	0.1021954	1.896313332	2	2	1	16	18	0
11.20940124	14.28804684	0.439628358	0.560371642	4.50252797	4	4	0	16	19	0
4.679179931	21.09588095	0.181539045	0.818460955	4.224960215	2	4	0	16	20	0
23.3330833	4.295971442	0.844512544	0.155487456	2.370826085	3	1	1	16	21	1
10.71183798	16.18389717	0.398272734	0.601727266	3.104130851	4	5	0	16	22	0
12.72642562	14.87234566	0.461122906	0.538877094	2.40123442	3	3	0	16	23	0
13.59240503	14.36576359	0.486169363	0.513830637	2.041731883	3	4	0	16	24	1
25.15869303	0.086677398	0.996566602	0.003433398	4.754571984	7	1	1	16	25	0
4.1372519	15.59374385	0.209682874	0.790317126	10.26889391	3	4	0	16	26	1
16.13292695	10.96850145	0.595279581	0.404720419	2.898439598	4	2	0	16	27	1
5.800377071	17.86598425	0.245089517	0.754910483	6.333618432	2	4	0	16	28	0
11.59233946	13.81545337	0.456251337	0.543748663	4.592118505	4	4	1	16	29	0
4.496362427	19.19763978	0.189767958	0.810232042	6.305881186	3	2	0	16	30	0
7.992435193	15.85607394	0.335133536	0.664866464	6.151409613	4	4	0	16	31	1
8.453598201	18.71182258	0.311189665	0.688810335	2.834493115	4	3	0	16	32	0
17.58408728	9.303683075	0.653980864	0.346019136	3.112184888	3	2	0	16	33	0
15.89991213	11.17589502	0.587236866	0.412763134	2.924200256	2	3	0	16	34	1
5.439960508	22.62574503	0.193829459	0.806170541	1.934231451	3	3	1	16	35	1
10.21600612	13.2544474	0.43527093	0.56472907	6.529376278	7	7	0	16	36	1
14.62398084	6.296154476	0.69903854	0.30096146	9.079826763	4	4	1	16	37	1
12.11130678	9.632086483	0.557010888	0.442989112	8.25648072	4	2	0	16	38	1
18.15911811	4.571440871	0.798885682	0.201114318	7.269307592	7	4	1	16	39	1
18.86395521	0	1	0	11.13594985	2	0	1	16	40	0
18.50383002	4.408341929	0.807598252	0.192401748	7.087839745	2	1	1	16	41	0
10.36207527	9.383456239	0.524780772	0.475219228	10.25440663	4	4	0	16	42	0
18.43171802	7.840985666	0.701553911	0.298446089	3.727193392	2	4	1	16	43	0
15.15952267	2.452775977	0.860735045	0.139264955	12.38763236	5	4	1	16	44	0
5.320102476	13.99987228	0.275367983	0.724632017	10.67993345	3	6	0	16	45	0
10.68775798	5.87981553	0.645100984	0.354899016	13.43237232	2	3	0	16	46	1
14.73781132	10.02420373	0.595178191	0.404821809	5.237874612	3	2	1	16	47	0
9.224909182	16.62363873	0.356883072	0.643116928	4.151338339	4	4	0	16	48	0
27.03979378	2.071399247	0.928845264	0.071154736	0.888753657	1	1	1	16	49	0
15.24729256	7.229014317	0.678371791	0.321628209	7.523580508	3	6	1	16	50	0
12.33590891	14.80252187	0.454554982	0.545445018	2.86153415	3	3	0	16	51	0
23.63918629	2.765519202	0.895264153	0.104735847	3.595144542	3	2	1	16	52	0
8.279930938	18.55173371	0.308588045	0.691411955	3.168214467	1	2	0	16	53	0
19.27618047	5.472147574	0.778888191	0.221111809	5.25168308	4	2	1	16	54	1
11.79153502	14.55279742	0.447592857	0.552407143	3.655583742	4	4	0	16	55	0
28.42805992	0	1	0	1.57189874	1	0	1	16	56	0
17.34144981	9.791911638	0.63911911	0.36088089	2.866418175	4	3	1	16	57	0
19.90338834	5.539563993	0.78227511	0.21772489	4.556903692	3	2	1	16	58	1
10.3042681	13.36920872	0.435266361	0.564733639	6.326564521	2	4	0	16	59	0
6.959732669	20.69261663	0.251686849	0.748313151	2.347692326	4	4	1	16	60	0
21.89608069	6.242084949	0.778163046	0.221836954	1.861751395	4	4	1	16	61	0
6.49677582	21.60724555	0.231168904	0.768831096	1.895852328	3	3	0	16	62	0
7.142146759	11.44758718	0.384198439	0.615801561	11.41017255	2	3	0	16	63	0
24.20385436	2.143435119	0.918646845	0.081353155	3.652521213	4	2	1	16	64	0
0.186087586	0	1	0	29.81423999	1	0	1	17	1	0
16.14316542	0	1	0	13.85676103	3	0	1	17	2	0
0	5.327444336	0	1	24.67248325	0	3	0	17	3	0
4.637895083	0	1	0	25.36202309	2	0	1	17	4	0
0	13.19125528	0	1	16.80844251	0	3	0	17	5	0
12.32684734	1.039922932	0.922200882	0.077799118	16.63316672	3	1	1	17	6	0
0	13.84637089	0	1	16.15353959	0	4	0	17	7	0
0	29.42513509	0	1	0.574815584	0	2	0	17	8	0
0	24.16831539	0	1	5.831631865	0	2	0	17	9	0
1.767826505	0	1	0	28.23215069	1	0	1	17	10	0
0	8.847404662	0	1	21.15243967	0	2	0	17	11	0
0	0	0	0	29.99995467	0	0	0	17	12	0
15.0636457	0	1	0	14.93635857	1	0	1	17	13	0
0	5.08782549	0	1	24.91211663	0	1	0	17	14	0
0	27.51056804	0	1	2.489405735	0	1	0	17	15	0
0	12.66803115	0	1	17.33197427	0	2	0	17	16	0
0	0	0	0	29.99994013	0	0	0	17	17	0
0	14.0953615	0	1	15.90457549	0	2	0	17	18	0
5.719929364	0.61583415	0.902800326	0.097199674	23.66408054	1	1	0	17	19	0
0.271567854	0	1	0	29.72835688	1	0	1	17	20	0
0	0	0	0	29.9998948	0	0	0	17	21	0
0	26.49032774	0	1	3.509608109	0	2	0	17	22	0
0	0	0	0	29.99990848	0	0	0	17	23	0
0	0	0	0	30.00002281	0	0	0	17	24	0
0	24.67482191	0	1	5.325110233	0	2	0	17	25	0
21.94505893	0	1	0	8.054927103	2	0	1	17	26	0
0	14.99170734	0	1	15.00827356	0	1	0	17	27	0
8.383278338	0	1	0	21.6167037	2	0	1	17	28	0
0	6.119808425	0	1	23.88014111	0	3	0	17	29	0
1.063941637	0	1	0	28.9359754	1	0	1	17	30	0
0.319585022	0.311445741	0.506449195	0.493550805	29.36893731	1	1	1	17	31	0
0	12.96719113	0	1	17.03281343	0	2	0	17	32	0
0	12.98634349	0	1	17.01357269	0	3	0	17	33	0
15.69310614	0	1	0	14.30685708	2	0	1	17	34	0
0	10.87975224	0	1	19.12017763	0	2	0	17	35	0
0	14.97561551	0	1	15.02435256	0	1	0	17	36	0
0	0	0	0	30.00000257	0	0	0	17	37	0
0	0	0	0	29.99999487	0	0	0	17	38	0
0	1.359643376	0	1	28.64027395	0	1	0	17	39	0
0	15.53109998	0	1	14.46878341	0	2	0	17	40	0
0	0	0	0	29.99996778	0	0	0	17	41	0
0	0	0	0	30.00001197	0	0	0	17	42	0
0	0.528384135	0	1	29.47153205	0	1	0	17	43	0
6.135800748	0	1	0	23.86417217	1	0	1	17	44	0
6.007893526	0	1	0	23.99205573	1	0	1	17	45	0
0	0	0	0	29.99995809	0	0	0	17	46	0
8.713742438	0	1	0	21.28619113	3	0	1	17	47	0
0	0	0	0	29.99997976	0	0	0	17	48	0
5.591087018	0	1	0	24.40872453	2	0	1	17	49	0
1.767444188	0	1	0	28.23247684	2	0	1	17	50	0
0	1.91181329	0	1	28.08811344	0	2	0	17	51	0
0	14.39907052	0	1	15.6007989	0	5	0	17	52	0
2.814267077	0	1	0	27.18568816	2	0	1	17	53	0
0	0	0	0	29.99999002	0	0	0	17	54	0
0	0	0	0	29.99997776	0	0	0	17	55	0
0	19.15944113	0	1	10.84047363	0	2	0	17	56	0
0	0	0	0	30.00001796	0	0	0	17	57	0
0	0	0	0	29.99999715	0	0	0	17	58	0
0	0	0	0	29.99998033	0	0	0	17	59	0
0	0	0	0	29.9999541	0	0	0	17	60	0
3.528066535	0	1	0	26.47189754	1	0	1	17	61	0
6.063830448	0	1	0	23.93600847	1	0	1	17	62	0
2.671814123	0	1	0	27.3280975	1	0	1	17	63	0
0	0	0	0	29.99992046	0	0	0	17	64	0
2.513074623	7.768530128	0.244424356	0.755575644	19.71846168	2	2	1	18	1	0
0	2.01588313	0	1	27.98412913	0	2	0	18	2	0
23.48755145	0	1	0	6.512369859	2	0	1	18	3	0
11.20535085	0	1	0	18.79450689	9	0	1	18	4	0
0.231906072	0	1	0	29.76808053	1	0	1	18	5	0
6.567202595	0	1	0	23.43263632	6	0	1	18	6	0
5.119000741	0	1	0	24.88091687	3	0	1	18	7	0
1.111777767	0	1	0	28.8880871	1	0	1	18	8	0
0	1.591575963	0	1	28.40834164	0	3	0	18	9	0
6.279769857	0	1	0	23.72021361	4	0	1	18	10	0
28.21311037	0	1	0	1.786800674	2	0	1	18	11	0
28.65348085	0	1	0	1.346426488	1	0	1	18	12	0
26.35147216	0	1	0	3.64858286	1	0	1	18	13	0
7.759279248	0	1	0	22.24064321	5	0	1	18	14	0
0.567709215	0	1	0	29.43223804	2	0	1	18	15	0
2.343516772	0.343980627	0.872007085	0.127992915	27.31248892	4	1	0	18	16	0
28.97640809	0	1	0	1.023568819	1	0	1	18	17	0
0.599860359	0	1	0	29.40008091	1	0	1	18	18	0
0	0	0	0	29.99983436	0	0	0	18	19	0
28.81953171	0	1	0	1.180362805	1	0	1	18	20	0
0	28.79002115	0	1	1.209933236	0	1	0	18	21	0
0.63167423	0	1	0	29.36829897	2	0	1	18	22	0
0	26.35874845	0	1	3.641229311	0	3	0	18	23	0
8.511010224	0	1	0	21.48892135	8	0	1	18	24	0
5.303831897	0.455774074	0.920867143	0.079132857	24.24023124	2	1	0	18	25	0
0.183793682	0	1	0	29.81607745	1	0	1	18	26	0
27.51440974	0	1	0	2.485639582	1	0	1	18	27	0
0	0	0	0	29.99993813	0	0	0	18	28	0
6.70322458	0	1	0	23.29676943	7	0	1	18	29	0
29.28095416	0	1	0	0.719071217	1	0	1	18	30	0
3.855575303	1.407777719	0.73253215	0.26746785	24.73650272	2	2	1	18	31	0
0.632012357	0	1	0	29.36796541	2	0	1	18	32	0
0	0	0	0	29.99988767	0	0	0	18	33	0
5.582693144	0	1	0	24.41718512	3	0	1	18	34	0
28.59631573	0	1	0	1.403628964	1	0	1	18	35	0
28.01282032	0	1	0	1.987089593	1	0	1	18	36	0
14.71067478	0	1	0	15.28917384	7	0	1	18	37	0
2.83965454	0	1	0	27.16031952	3	0	1	18	38	0
9.881974582	1.60769829	0.860074494	0.139925506	18.51024958	8	3	1	18	39	0
10.46227717	0	1	0	19.5376735	6	0	1	18	40	0
8.950706161	0	1	0	21.04912848	9	0	1	18	41	0
0	0.319885231	0	1	29.68007314	0	1	0	18	42	0
0	0	0	0	29.99990449	0	0	0	18	43	0
0	0	0	0	29.99991932	0	0	0	18	44	0
28.07393891	0	1	0	1.926004075	2	0	1	18	45	0
3.271328372	0	1	0	26.72857698	5	0	1	18	46	0
0	0	0	0	30.00002994	0	0	0	18	47	0
0	0	0	0	29.99995267	0	0	0	18	48	0
16.06600604	0.672143126	0.959843641	0.040156359	13.26182774	7	2	1	18	49	0
28.8966526	0	1	0	1.103358519	1	0	1	18	50	0
29.06767557	0	1	0	0.932294491	1	0	1	18	51	0
0	29.00273467	0	1	0.997305818	0	1	0	18	52	0
0	0.263942321	0	1	29.73602888	0	1	0	18	53	0
28.93158517	0	1	0	1.068379197	2	0	1	18	54	0
5.79855244	0.911799035	0.864120525	0.135879475	23.28961488	3	1	1	18	55	0
14.24646492	0	1	0	15.75343016	6	0	1	18	56	0
28.11864921	0	1	0	1.881406095	2	0	1	18	57	0
0.647888075	0	1	0	29.35210138	2	0	1	18	58	0
0	22.95343284	0	1	7.046598517	0	4	0	18	59	0
29.21569023	0	1	0	0.784320031	1	0	1	18	60	0
0	0	0	0	30.00000542	0	0	0	18	61	0
0	0	0	0	30.0000057	0	0	0	18	62	0
28.97515679	0	1	0	1.024794743	1	0	1	18	63	0
3.287765448	0	1	0	26.71218723	2	0	1	18	64	0
18.50273951	0	1	0	11.49724652	6	0	1	19	1	0
28.16496776	0	1	0	1.834932737	2	0	1	19	2	0
0	28.45563666	0	1	1.544242461	0	2	0	19	3	0
0	28.63842793	0	1	1.361480551	0	2	0	19	4	0
29.17314468	0	1	0	0.826715909	1	0	1	19	5	0
28.70181477	0	1	0	1.298106546	1	0	1	19	6	0
0	28.60575591	0	1	1.39428343	0	1	0	19	7	0
0	29.13628085	0	1	0.863628485	0	1	0	19	8	0
28.96882589	0	1	0	1.03122942	1	0	1	19	9	0
29.23598783	0	1	0	0.764004187	1	0	1	19	10	0
0	28.87715756	0	1	1.12277231	0	1	0	19	11	0
0	28.9656804	0	1	1.034341556	0	1	0	19	12	0
29.18820273	0	1	0	0.811802684	1	0	1	19	13	0
29.26323642	0	1	0	0.736714831	1	0	1	19	14	0
29.22375111	0	1	0	0.776239195	1	0	1	19	15	0
0	28.88947296	0	1	1.110407583	0	1	0	19	16	0
29.32993752	0	1	0	0.670083289	1	0	1	19	17	0
0	29.28982044	0	1	0.710148485	0	1	0	19	18	0
0	29.4246031	0	1	0.57523867	0	1	0	19	19	0
29.32188121	0	1	0	0.678053221	1	0	1	19	20	0
0	29.31434063	0	1	0.685637985	0	1	0	19	21	0
0	28.48483731	0	1	1.515094547	0	1	0	19	22	0
29.18974512	0	1	0	0.810239489	1	0	1	19	23	0
0	28.86149509	0	1	1.138405409	0	1	0	19	24	0
0	29.12153242	0	1	0.878425674	0	1	0	19	25	0
29.28127774	0	1	0	0.718725392	1	0	1	19	26	0
29.32509683	0	1	0	0.674805663	1	0	1	19	27	0
29.29613452	0	1	0	0.703807892	1	0	1	19	28	0
29.20926268	0	1	0	0.790737601	1	0	1	19	29	0
0	29.07703451	0	1	0.922964638	0	1	0	19	30	0
0	29.28877755	0	1	0.711212758	0	1	0	19	31	0
0	28.8359417	0	1	1.163983033	0	1	0	19	32	0
0	29.10042257	0	1	0.899525539	0	1	0	19	33	0
0	29.22413514	0	1	0.775751677	0	1	0	19	34	0
28.85870825	0	1	0	1.141230736	1	0	1	19	35	0
0	29.13640117	0	1	0.863536112	0	1	0	19	36	0
0	29.26875365	0	1	0.731163391	0	1	0	19	37	0
29.10515293	0	1	0	0.894652348	1	0	1	19	38	0
0	29.12827101	0	1	0.871717588	0	1	0	19	39	0
29.11523459	0	1	0	0.884681878	1	0	1	19	40	0
0	29.05955112	0	1	0.940346532	0	1	0	19	41	0
0	29.05490886	0	1	0.9450384	0	1	0	19	42	0
0	29.18330873	0	1	0.81661572	0	1	0	19	43	0
0	29.2151246	0	1	0.78479244	0	1	0	19	44	0
0	29.3041264	0	1	0.695780939	0	1	0	19	45	0
29.48588591	0	1	0	0.514062775	1	0	1	19	46	0
29.39162089	0	1	0	0.608238267	1	0	1	19	47	0
0	29.49993671	0	1	0.500039629	0	1	0	19	48	0
0	29.40034178	0	1	0.599654803	0	1	0	19	49	0
0	29.3354271	0	1	0.664525576	0	1	0	19	50	0
0	29.44517069	0	1	0.55480223	0	1	0	19	51	0
29.43354522	0	1	0	0.566373813	1	0	1	19	52	0
0	29.52600727	0	1	0.474011264	0	1	0	19	53	0
0	29.08565931	0	1	0.914303056	0	1	0	19	54	0
0	29.42014615	0	1	0.579801674	0	1	0	19	55	0
29.14036404	0	1	0	0.859629406	1	0	1	19	56	0
29.39770946	0	1	0	0.602307645	1	0	1	19	57	0
29.41750414	0	1	0	0.582494716	1	0	1	19	58	0
29.46968461	0	1	0	0.530353881	1	0	1	19	59	0
0	29.45159681	0	1	0.548388936	0	1	0	19	60	0
29.53864426	0	1	0	0.46126821	1	0	1	19	61	0
29.39640599	0	1	0	0.603485103	1	0	1	19	62	0
0	29.20820069	0	1	0.791770229	0	1	0	19	63	0
29.52992965	0	1	0	0.469988807	1	0	1	19	64	0
12.89071029	0.919902109	0.93339165	0.06660835	16.1892844	3	1	1	20	1	0
2.251095491	22.52780481	0.090847272	0.909152728	5.221059495	2	2	0	20	2	0
8.503544346	16.33817146	0.342309058	0.657690942	5.158141362	1	3	0	20	3	0
8.839577279	4.055765863	0.685486007	0.314513993	17.10457846	3	2	0	20	4	0
2.903745284	8.19125785	0.261716491	0.738283509	18.90492616	3	4	0	20	5	0
5.362225229	10.37501361	0.340734819	0.659265181	14.26273037	6	6	0	20	6	0
0.656017947	9.622356066	0.063825071	0.936174929	19.72157524	1	5	0	20	7	0
7.982940553	8.133503138	0.495328914	0.504671086	13.88338211	6	5	1	20	8	0
6.023390632	8.17036183	0.424369147	0.575630853	15.80609929	6	5	0	20	9	0
5.143942309	10.70345865	0.324592173	0.675407827	14.152489	4	5	1	20	10	0
1.464030531	14.27109231	0.093042205	0.906957795	14.26494188	1	4	0	20	11	0
3.07997872	17.38072756	0.150531398	0.849468602	9.539274903	4	4	0	20	12	0
9.047804484	8.879767348	0.504686556	0.495313444	12.07237029	4	4	1	20	13	0
4.335857882	4.951782408	0.466841711	0.533158289	20.71235002	3	3	0	20	14	0
0	16.00773273	0	1	13.99223534	0	3	0	20	15	0
10.57503026	11.72062957	0.474308917	0.525691083	7.704353855	4	4	0	20	16	0
0	12.87427236	0	1	17.12567633	0	6	0	20	17	0
0.832415031	15.02364009	0.052498243	0.947501757	14.14383882	2	3	0	20	18	0
9.119528458	6.007659175	0.602856835	0.397143165	14.8727505	4	5	0	20	19	0
2.74315692	17.95103203	0.13255687	0.86744313	9.305774274	3	4	0	20	20	0
2.144120211	8.991498358	0.192546126	0.807453874	18.86423261	2	6	0	20	21	0
11.30759662	1.983949232	0.850736005	0.149263995	16.70845642	5	3	0	20	22	1
9.351993039	6.696325478	0.582739745	0.417260255	13.95150472	5	4	1	20	23	0
3.143963692	2.592278446	0.548087688	0.451912312	24.26364097	3	2	1	20	24	0
0.656032488	13.20776278	0.047319834	0.952680166	16.13588628	1	3	0	20	25	0
0	15.94197102	0	1	14.05791608	0	4	0	20	26	0
1.028239305	12.6162866	0.075359108	0.924640892	16.35539683	1	4	0	20	27	0
2.151245111	8.968038162	0.193469764	0.806530236	18.88064175	2	3	0	20	28	0
0.33608254	22.155068	0.014942879	0.985057121	7.508854023	1	3	0	20	29	0
3.528232748	11.36728373	0.236865419	0.763134581	15.10444617	3	5	0	20	30	0
7.384094575	13.22055116	0.358370373	0.641629627	9.395332023	2	4	0	20	31	0
24.09216925	1.567920759	0.938896521	0.061103479	4.33976915	2	1	1	20	32	0
7.199921712	18.10456563	0.28453142	0.71546858	4.695451365	2	4	0	20	33	0
0	29.18265614	0	1	0.817312501	0	1	0	20	34	0
0	21.28717444	0	1	8.712869466	0	5	0	20	35	0
0	28.26733699	0	1	1.732559519	0	2	0	20	36	0
0	27.99328963	0	1	2.006505951	0	1	0	20	37	0
21.42330932	1.495959012	0.934729199	0.065270801	7.080673506	1	1	1	20	38	0
2.776103774	20.55178446	0.119003647	0.880996353	6.671967505	1	5	0	20	39	0
0	27.01921565	0	1	2.980642373	0	1	0	20	40	0
7.871369483	3.333926339	0.702468691	0.297531309	18.79463148	2	1	1	20	41	0
0.35990196	18.69635912	0.018886284	0.981113716	10.94361804	1	3	1	20	42	0
12.71961347	11.8711166	0.517252373	0.482747627	5.409145052	3	4	1	20	43	0
5.431682669	13.61075284	0.285240964	0.714759036	10.9574744	3	4	0	20	44	0
8.994468231	2.063821611	0.813368826	0.186631174	18.94166255	4	2	1	20	45	0
1.047874903	8.685197508	0.107661267	0.892338733	20.26683664	1	5	0	20	46	0
1.951805501	8.442730526	0.187772258	0.812227742	19.60534309	2	3	0	20	47	0
4.488276459	13.24765692	0.253061193	0.746938807	12.26406662	3	3	0	20	48	0
0.479978948	10.54275311	0.043544463	0.956455537	18.97713509	1	5	0	20	49	0
13.44914639	4.311831194	0.757230075	0.242769925	12.23893803	4	1	0	20	50	0
0	18.96445447	0	1	11.03544261	1	2	0	20	51	1
3.999619393	13.4331649	0.2294309	0.7705691	12.5670552	2	6	0	20	52	0
5.39976103	3.639655567	0.597357249	0.402642751	20.96048761	2	3	1	20	53	0
0.311850866	23.59116	0.01304651	0.98695349	6.097035031	1	2	0	20	54	0
7.711745037	2.671899652	0.742681907	0.257318093	19.61625724	1	1	0	20	55	0
2.687375661	2.670961392	0.501531657	0.498468343	24.64163244	2	3	0	20	56	0
0	27.61315793	0	1	2.386841215	0	2	0	20	57	0
0	27.3912725	0	1	2.608681025	0	2	0	20	58	0
0	0	0	0	29.99997605	0	0	0	20	59	0
21.6384228	0	1	0	8.361487679	2	0	1	20	60	0
21.0335353	0	1	0	8.966362067	2	0	1	20	61	0
26.17526895	0	1	0	3.824618153	3	0	1	20	62	0
17.76025942	4.031881155	0.814984621	0.185015379	8.207894495	3	1	1	20	63	0
4.159339632	5.425662527	0.433942483	0.566057517	20.41492742	3	3	0	20	64	0
2.367852119	4.97515294	0.322463637	0.677536363	22.65715146	3	3	1	21	1	0
4.719894754	1.590607821	0.747942766	0.252057234	23.68927106	3	2	1	21	2	0
4.055766686	13.08719435	0.236584956	0.763415044	12.85696854	1	3	0	21	3	0
5.221328506	3.263926561	0.615341373	0.384658627	21.51471785	2	2	1	21	4	0
5.208134217	0	1	0	24.79186721	1	0	1	21	5	0
1.799816283	3.071696196	0.369457389	0.630542611	25.12843706	1	2	0	21	6	0
9.070446046	0	1	0	20.92947242	4	0	1	21	7	0
0.415896382	0	1	0	29.58404859	1	0	1	21	8	0
1.063783329	0	1	0	28.93613	1	0	1	21	9	0
1.600020299	1.759536638	0.476259319	0.523740681	26.64036438	1	2	1	21	10	0
0	0	0	0	30.00000599	0	0	0	21	11	0
4.816444281	4.91840267	0.494763226	0.505236774	20.26497002	3	3	0	21	12	0
0.712215381	1.119872174	0.388745275	0.611254725	28.16785714	1	1	0	21	13	0
0.391254307	4.231449735	0.084637542	0.915362458	25.37724721	1	1	1	21	14	0
5.691212569	1.207928377	0.824916118	0.175083882	23.10074673	4	1	1	21	15	0
3.839338142	0	1	0	26.16066129	3	0	1	21	16	0
1.839895791	6.967367511	0.208906641	0.791093359	21.19264974	1	1	0	21	17	0
3.719968309	2.735240955	0.576273852	0.423726148	23.54473486	1	2	0	21	18	0
0	0	0	0	29.99996208	0	0	0	21	19	0
0	0.769374765	0	1	29.23041056	0	1	0	21	20	0
1.095819965	0	1	0	28.90419515	1	0	1	21	21	0
0.999848328	0	1	0	29.00009009	1	0	1	21	22	0
0.783764181	0.895783643	0.466651899	0.533348101	28.32045674	1	1	1	21	23	0
2.879536535	0	1	0	27.12046118	1	0	1	21	24	0
5.087982078	0	1	0	24.91198485	1	0	1	21	25	0
0	0	0	0	29.99992644	0	0	0	21	26	0
0.527842004	0	1	0	29.47207931	1	0	1	21	27	0
0	0.373475658	0	1	29.62643482	0	1	0	21	28	0
0	0	0	0	29.99992473	0	0	0	21	29	0
0	6.791888021	0	1	23.20805696	0	2	0	21	30	0
0	0	0	0	29.99991618	0	0	0	21	31	0
0.688000381	1.663595792	0.292567401	0.707432599	27.64830718	1	2	0	21	32	0
8.840194573	2.471472338	0.781511217	0.218488783	18.6881837	3	1	1	21	33	0
0	0	0	0	30.00000114	0	0	0	21	34	0
0	0	0	0	29.99996351	0	0	0	21	35	0
2.007588712	0.430339682	0.82348141	0.17651859	27.56194645	1	1	1	21	36	0
0	0	0	0	29.99998575	0	0	0	21	37	0
1.071831047	14.17524742	0.07029747	0.92970253	14.75279694	1	3	0	21	38	0
1.991238969	4.839293952	0.291520295	0.708479705	23.16946908	1	2	0	21	39	0
0	3.263795417	0	1	26.7361889	0	1	0	21	40	0
5.240064512	1.687478938	0.756410198	0.243589802	23.07239639	2	1	1	21	41	0
16.51124565	0	1	0	13.48875235	4	0	1	21	42	0
12.2077251	0	1	0	17.79225009	2	0	1	21	43	0
0	3.88767634	0	1	26.11227092	0	2	0	21	44	0
0.792246673	0	1	0	29.20771683	1	0	1	21	45	0
0.528075498	0	1	0	29.47183897	1	0	1	21	46	0
0.984143189	2.817734631	0.258857132	0.741142868	26.19799161	1	1	1	21	47	0
2.471687586	0	1	0	27.52825112	2	0	1	21	48	0
0	0	0	0	29.99993557	0	0	0	21	49	0
6.047599227	0	1	0	23.95235858	2	0	1	21	50	0
3.751504885	2.271914409	0.622819814	0.377180186	23.97640594	2	2	1	21	51	0
17.02299849	2.871486821	0.855664182	0.144335818	10.10538554	2	2	0	21	52	0
0.804418605	3.311537762	0.195439051	0.804560949	25.88391163	1	1	0	21	53	0
0	15.50361275	0	1	14.4963308	0	1	0	21	54	0
1.911304895	3.327706184	0.364821694	0.635178306	24.76091537	3	2	1	21	55	0
10.80928407	0	1	0	19.19066148	2	0	1	21	56	0
0	0	0	0	30.00002994	0	0	0	21	57	0
0	0	0	0	29.99990592	0	0	0	21	58	0
1.399186846	0	1	0	28.60075585	1	0	1	21	59	0
3.84002323	0	1	0	26.15990122	2	0	1	21	60	0
0	0	0	0	29.9998566	0	0	0	21	61	0
0	4.864148709	0	1	25.13578173	0	1	0	21	62	0
0	1.364725745	0	1	28.63508809	0	1	0	21	63	0
6.887105861	0	1	0	23.112828	2	0	1	21	64	0
24.5441282	0	1	0	5.456145207	3	0	1	22	1	0
9.082751476	9.151904144	0.498103812	0.501896188	11.7652446	2	3	0	22	2	0
16.10289438	1.463909805	0.916666128	0.083333872	12.43314421	5	2	1	22	3	0
17.93461374	0	1	0	12.06519582	5	0	1	22	4	0
12.15828887	0	1	0	17.84159737	6	0	1	22	5	0
28.18154418	0	1	0	1.818439856	2	0	1	22	6	0
27.458615	0	1	0	2.541376451	2	0	1	22	7	0
26.43409273	0.759910446	0.972055955	0.027944045	2.80590902	2	1	1	22	8	0
12.91975766	7.835141081	0.622491963	0.377508037	9.245002333	3	4	0	22	9	0
10.18369523	4.624077749	0.687726321	0.312273679	15.19211754	6	2	0	22	10	0
14.15952534	3.340152076	0.809130649	0.190869351	12.50021225	4	3	1	22	11	0
11.15236486	1.655399282	0.870750331	0.129249669	17.1921241	3	3	1	22	12	0
2.471760501	15.86725803	0.134781504	0.865218496	11.66096522	3	6	0	22	13	0
3.656230337	4.823525689	0.431171643	0.568828357	21.52012623	4	3	0	22	14	0
9.729043071	4.415616491	0.687824477	0.312175523	15.85518592	7	5	1	22	15	0
7.375627176	6.992544447	0.513330949	0.486669051	15.63179445	3	5	0	22	16	0
2.199783783	11.97486335	0.155191432	0.844808568	15.82531467	2	5	0	22	17	0
6.570310017	14.13625321	0.317305675	0.682694325	9.293345254	3	3	0	22	18	0
13.93554771	5.56020877	0.714799024	0.285200976	10.50412862	3	4	1	22	19	0
4.119949698	10.37592197	0.284215382	0.715784618	15.50409726	3	5	0	22	20	0
6.782895763	5.758527729	0.540839385	0.459160615	17.45845648	5	5	0	22	21	0
4.375545068	1.831205042	0.70496556	0.29503444	23.79321482	4	3	0	22	22	0
3.087630613	13.91223682	0.181626747	0.818373253	13.00001311	3	5	0	22	23	0
29.40291688	0	1	0	0.597082553	2	0	1	22	24	0
4.295235442	1.239634826	0.776031819	0.223968181	24.46508925	3	2	0	22	25	0
7.103869697	0.75983404	0.903374534	0.096625466	22.13613433	7	1	1	22	26	0
2.110735671	6.58302303	0.242787469	0.757212531	21.30613182	4	5	0	22	27	0
21.34529037	0.271910576	0.987421564	0.012578436	8.382742894	3	1	1	22	28	0
11.05356902	5.103407556	0.684135981	0.315864019	13.8429302	6	3	1	22	29	0
27.69401928	0	1	0	2.30596219	2	0	1	22	30	0
29.43622211	0	1	0	0.563781597	2	0	1	22	31	0
0.399807047	7.023022665	0.05386181	0.94613819	22.57703743	1	6	0	22	32	0
15.04765641	0.359813456	0.976646817	0.023353183	14.59239471	5	1	1	22	33	0
1.615944237	7.08621397	0.185694652	0.814305348	21.29773773	2	4	0	22	34	0
2.607301544	5.806659963	0.309877998	0.690122002	21.5860308	3	6	0	22	35	0
19.00095279	0	1	0	10.9990398	4	0	1	22	36	0
1.83986085	0.823801377	0.690726036	0.309273964	27.33626393	2	1	1	22	37	0
1.375572438	3.863336818	0.26256848	0.73743152	24.7610896	2	4	0	22	38	0
2.624118803	10.58161522	0.19871056	0.80128944	16.794189	2	5	0	22	39	0
16.21108101	3.488037218	0.822934348	0.177065652	10.30073409	5	1	1	22	40	0
10.06299088	0	1	0	19.93688767	3	0	1	22	41	0
11.81501271	2.151903859	0.845928495	0.154071505	16.03305321	5	3	1	22	42	0
3.119334175	6.214958032	0.334180043	0.665819957	20.66556325	4	6	0	22	43	0
1.871422149	1.831575952	0.505380262	0.494619738	26.29692435	3	1	1	22	44	0
10.69462425	0.3918215	0.964657609	0.035342391	18.91341255	6	1	1	22	45	0
23.30382967	0.732494162	0.969525533	0.030474467	5.963600618	3	1	1	22	46	0
16.47918099	0.496088051	0.970775836	0.029224164	13.02461863	5	1	1	22	47	0
5.847644549	1.111784255	0.840247772	0.159752228	23.04036393	6	2	1	22	48	0
2.039566802	0.887465371	0.696803684	0.303196316	27.07287175	4	1	1	22	49	0
10.63299813	0.663456673	0.941268594	0.058731406	18.70352496	6	2	1	22	50	0
14.2047761	0	1	0	15.79508819	6	0	1	22	51	0
1.031821876	11.88783856	0.079864473	0.920135527	17.08021668	2	4	0	22	52	0
0	13.18556033	0	1	16.81430054	0	5	0	22	53	0
13.63142468	0	1	0	16.36853683	3	0	1	22	54	0
14.99145966	0.311622777	0.979636601	0.020363399	14.69692355	4	1	1	22	55	0
19.67073917	1.351910587	0.935692665	0.064307335	8.977251883	3	1	1	22	56	0
5.439822875	0.856008989	0.864035602	0.135964398	23.70405182	6	1	1	22	57	0
2.087771451	0.301884458	0.873670324	0.126329676	27.61023233	2	1	1	22	58	0
3.511694507	2.279585652	0.606376209	0.393623791	24.20849975	3	3	1	22	59	0
14.79895951	1.311219936	0.918609228	0.081390772	13.88969853	6	2	1	22	60	0
0	15.69529936	0	1	14.30456408	0	4	0	22	61	0
13.51239385	2.015135761	0.870221741	0.129778259	14.47248037	5	3	1	22	62	0
4.039520616	0.85610193	0.825129098	0.174870902	25.1043498	5	2	1	22	63	0
21.23105542	0	1	0	8.768825406	4	1	1	22	64	1
3.839911187	15.30296233	0.200592204	0.799407796	10.85710824	2	3	0	23	1	0
25.60678879	2.707106157	0.904389482	0.095610518	1.685945402	2	2	1	23	2	0
15.7454135	10.03964445	0.610640997	0.389359003	4.214925228	3	2	1	23	3	0
20.15425288	4.952141335	0.802753781	0.197246219	4.893576137	3	2	1	23	4	0
26.80925841	2.200152641	0.92415728	0.07584272	0.990616887	2	1	1	23	5	0
0	29.3620236	0	1	0.637972128	0	1	0	23	6	0
0	28.68665273	0	1	1.31331135	0	1	0	23	7	0
4.575868306	16.87980139	0.213270822	0.786729178	8.544223678	2	4	0	23	8	0
4.383981482	21.22549463	0.17118591	0.82881409	4.390508208	1	3	0	23	9	0
2.53680859	9.95588751	0.20306334	0.79693666	17.50730561	3	7	0	23	10	0
4.519737836	19.46162879	0.188468735	0.811531265	6.01854271	2	3	0	23	11	0
4.943963042	21.24582005	0.188774494	0.811225506	3.810200372	2	2	0	23	12	0
3.504218866	25.23156235	0.121946184	0.878053816	1.264106458	1	1	0	23	13	0
8.598800654	4.007263987	0.68211618	0.31788382	17.39384869	6	7	1	23	14	0
24.23292739	2.991725344	0.890109697	0.109890303	2.775312766	2	1	1	23	15	0
0	29.15191223	0	1	0.848074369	0	1	0	23	16	0
0	28.11945451	0	1	1.880427178	0	1	0	23	17	0
0	28.91650335	0	1	1.08341853	0	1	0	23	18	0
23.09236487	2.472084441	0.903299914	0.096700086	4.435551255	3	1	1	23	19	0
13.11092469	13.38389966	0.494848523	0.505151477	3.50533331	3	2	1	23	20	0
21.41837388	2.200174593	0.906845478	0.093154522	6.381374555	5	3	1	23	21	0
26.52712014	0.512266299	0.981054811	0.018945189	2.960582202	2	1	1	23	22	0
0	28.9963556	0	1	1.003597639	0	1	0	23	23	0
0	29.15945818	0	1	0.840590288	0	1	0	23	24	0
21.51924604	0.822535094	0.963183996	0.036816004	7.658072607	3	2	1	23	25	0
0	29.05210034	0	1	0.947925035	0	1	0	23	26	0
23.89218059	0.367837864	0.984837692	0.015162308	5.739990101	2	1	1	23	27	0
17.3424802	3.343851227	0.838354556	0.161645444	9.313595877	4	3	1	23	28	0
15.7202209	0	1	0	14.27970839	7	0	1	23	29	0
0	29.2910065	0	1	0.708844964	0	1	0	23	30	0
16.45632029	3.047472073	0.843749768	0.156250232	10.49605454	3	3	1	23	31	0
0	29.14725745	0	1	0.852756517	0	1	0	23	32	0
0	28.37730907	0	1	1.62268095	0	1	0	23	33	0
0	29.42489148	0	1	0.574998475	0	1	0	23	34	0
0	29.27164072	0	1	0.72839093	0	1	0	23	35	0
0	25.94673333	0	1	4.053232173	0	2	0	23	36	0
0	28.79736759	0	1	1.202556294	0	1	0	23	37	0
0	29.5328332	0	1	0.467161671	0	1	0	23	38	0
19.31043985	1.535552738	0.926338229	0.073661771	9.153973768	6	2	1	23	39	0
21.67165121	3.555830547	0.859049326	0.140950674	4.772420457	2	3	1	23	40	0
0	29.41530652	0	1	0.584666114	0	1	0	23	41	0
2.231733692	18.67061802	0.106769502	0.893230498	9.097647151	4	7	0	23	42	0
25.65664741	0	1	0	4.343211184	2	0	1	23	43	0
0.480038078	27.38646867	0.017226346	0.982773654	2.13352718	1	2	0	23	44	0
3.439398069	25.08884735	0.12056115	0.87943885	1.471736623	2	2	1	23	45	1
0	29.11338394	0	1	0.88660409	0	1	0	23	46	0
0	28.67138236	0	1	1.328654701	0	1	0	23	47	0
20.15663714	0	1	0	9.843380532	4	0	1	23	48	0
0	29.29063445	0	1	0.709267192	0	1	0	23	49	0
0	29.1391664	0	1	0.860844435	0	1	0	23	50	0
26.21502701	0.343977525	0.987048554	0.012951446	3.440978647	1	1	1	23	51	0
0	29.3580884	0	1	0.641852868	0	1	0	23	52	0
0	28.80986196	0	1	1.190079878	0	1	0	23	53	0
0	29.53040503	0	1	0.469655415	0	1	0	23	54	0
28.58321069	0	1	0	1.416774481	2	0	1	23	55	0
29.26213416	0	1	0	0.737845887	1	0	1	23	56	0
25.99118109	0.111972706	0.995710376	0.004289624	3.896857889	3	1	1	23	57	0
0	28.97903197	0	1	1.020945507	0	1	0	23	58	0
0.263803684	27.12752931	0.009630918	0.990369082	2.608602574	1	3	0	23	59	0
7.087865188	16.12346924	0.305362245	0.694637755	6.788627366	2	3	0	23	60	0
21.66094781	0.839941122	0.962670758	0.037329242	7.49904521	2	1	1	23	61	0
29.33563958	0	1	0	0.664306824	1	0	1	23	62	0
25.78536386	2.503961993	0.911487393	0.088512607	1.710615131	3	1	1	23	63	0
0	29.27782647	0	1	0.722010744	0	1	0	23	64	0
0.071997258	22.761284	0.003153172	0.996846828	7.167429776	3	4	0	24	1	1
22.05564923	4.359942103	0.834948154	0.165051846	3.58434538	2	2	1	24	2	1
23.50472035	2.632126499	0.899294413	0.100705587	3.863092995	3	2	1	24	3	0
14.89536084	10.08776597	0.596216837	0.403783163	5.016709251	5	3	1	24	4	0
21.13542963	5.159400589	0.803786503	0.196213497	3.705099929	6	4	1	24	5	0
11.98422558	11.08697968	0.519445146	0.480554854	6.928677281	4	4	0	24	6	0
21.04734948	5.735365257	0.785855717	0.214144283	3.217213987	5	4	1	24	7	1
7.462668257	14.94310832	0.33306894	0.66693106	7.5941473	5	7	0	24	8	0
5.55191417	17.857283	0.237168072	0.762831928	6.590708175	1	4	0	24	9	0
11.52935501	12.1835982	0.486204941	0.513795059	6.287001173	4	3	0	24	10	0
10.60791578	9.20815731	0.535318765	0.464681235	10.18383853	5	6	0	24	11	1
13.41728823	12.53559636	0.516986394	0.483013606	4.047017914	5	4	0	24	12	0
15.15935554	6.383927884	0.703669689	0.296330311	8.456686637	5	4	1	24	13	0
17.63790941	10.73577238	0.621629211	0.378370789	1.626337889	3	2	1	24	14	0
19.10203337	5.992723184	0.761196202	0.238803798	4.905102039	7	4	1	24	15	1
12.1349826	11.69952771	0.509134966	0.490865034	6.165445216	6	6	0	24	16	1
13.49594193	5.00891983	0.729318711	0.270681289	11.49505471	2	3	1	24	17	1
12.15166619	12.11164313	0.500824765	0.499175235	5.73673743	3	5	0	24	18	1
17.85533037	8.176141486	0.685913208	0.314086792	3.968503623	4	3	1	24	19	1
17.70347915	10.51212232	0.627435824	0.372564176	1.784482626	4	4	1	24	20	0
14.95286263	5.271409217	0.739352336	0.260647664	9.775466148	6	5	1	24	21	0
10.52288388	14.27878097	0.424281351	0.575718649	5.198267865	7	6	0	24	22	1
16.37565808	10.60055058	0.607040755	0.392959245	3.023696978	6	4	0	24	23	1
10.39181652	5.106105695	0.67052966	0.32947034	14.50206638	2	4	1	24	24	1
11.23492108	13.65555292	0.451374332	0.548625668	5.109490936	6	5	1	24	25	1
9.445402212	13.51951974	0.411296944	0.588703056	7.035048116	3	3	0	24	26	1
23.38731199	5.096221666	0.821081832	0.178918168	1.516474901	4	4	0	24	27	1
16.47884837	10.08751994	0.620289841	0.379710159	3.43356755	8	6	1	24	28	1
16.37414392	10.53583926	0.608478415	0.391521585	3.089953238	5	4	1	24	29	1
11.92315666	14.86463765	0.445096618	0.554903382	3.212188581	7	6	1	24	30	1
16.45150614	5.055747869	0.764928249	0.235071751	8.492615702	7	4	1	24	31	1
11.07188065	12.80889691	0.463631497	0.536368503	6.119087587	4	5	0	24	32	0
14.36787721	6.928034387	0.674677726	0.325322274	8.704039083	3	5	1	24	33	1
9.920056803	14.23215136	0.410730842	0.589269158	5.847659268	3	5	0	24	34	1
24.3431821	2.839748396	0.895531926	0.104468074	2.817022173	4	2	1	24	35	1
12.77722149	8.43189232	0.60244014	0.39755986	8.790821473	4	5	1	24	36	1
10.0757842	15.58357362	0.392674839	0.607325161	4.340567765	6	5	0	24	37	1
7.975899894	17.79797912	0.309456714	0.690543286	4.225977013	5	4	1	24	38	1
20.83654305	5.568667611	0.789107245	0.210892755	3.594652777	4	2	1	24	39	1
19.1372993	8.31120933	0.697207253	0.302792747	2.551454594	3	3	1	24	40	0
11.4018143	14.63211681	0.437959763	0.562040237	3.965928341	5	4	0	24	41	1
13.64259897	3.112028585	0.814258564	0.185741436	13.24533168	3	2	1	24	42	1
15.26890664	11.67155798	0.566764785	0.433235215	3.059330683	3	5	0	24	43	1
7.695582821	19.6422617	0.281499253	0.718500747	2.662112432	4	5	0	24	44	1
21.14304828	3.143983968	0.870548862	0.129451138	5.712911872	3	2	1	24	45	1
6.759926935	21.80589911	0.236643846	0.763356154	1.434147152	3	3	0	24	46	1
19.68736547	8.808309323	0.690889604	0.309110396	1.50436341	5	4	1	24	47	1
6.612985656	21.54361728	0.234864471	0.765135529	1.843291867	3	3	0	24	48	1
16.09185398	12.17597755	0.569263828	0.430736172	1.732010236	5	5	1	24	49	1
20.1829593	2.85643655	0.876019468	0.123980532	6.960585624	4	3	1	24	50	0
15.09099213	13.62351543	0.52555288	0.47444712	1.284991524	4	3	1	24	51	1
23.47943082	1.31599839	0.946925767	0.053074233	5.204528025	1	3	0	24	52	0
20.9432369	3.876925331	0.843799356	0.156200644	5.17987312	4	2	1	24	53	1
11.25325253	14.1834394	0.44240236	0.55759764	4.563199165	6	5	0	24	54	1
12.98356245	0	1	0	17.01630185	2	0	1	24	55	0
18.06368925	9.359681809	0.658696891	0.341303109	2.576442206	4	5	0	24	56	1
26.06878165	1.743986021	0.937295488	0.062704512	2.18711715	3	3	1	24	57	1
28.03340111	0.616112315	0.978494842	0.021505158	1.350492847	2	2	0	24	58	1
11.41559247	15.67098978	0.421448242	0.578551758	2.91339038	4	5	0	24	59	1
14.51140901	13.36191668	0.520619935	0.479380065	2.126573094	5	5	1	24	60	1
18.83527266	8.071470399	0.700020535	0.299979465	3.093212752	5	3	1	24	61	1
23.34056691	4.223753542	0.846767362	0.153232638	2.435609985	5	2	1	24	62	1
13.4177746	12.43976755	0.518911446	0.481088554	4.142382578	5	6	1	24	63	1
8.735260342	10.19975693	0.461328354	0.538671646	11.06485586	4	4	1	24	64	1
